-0.0358311
-0.00602012
-0.329684
-0.00810044
-0.129782
-0.0460603
-0.323091
-0.224968
-0.0728523
-0.0641103
0.0673078
0.0308316
0.219205
-0.0604103
-0.0438563
0.239561
0.189491
-0.149585
-0.292826
0.421697
0.0517334
0.0807459
-0.00864765
-0.0387819
-0.391446
-0.382311
-0.0641458
0.420639
-0.168885
0.0868315
-0.101543
-0.0163023
0.0944187
0.198782
-0.0365074
0.136931
-0.284876
-0.246014
-0.0600574
-0.230073
-0.141556
-0.329326
0.0448069
-0.274325
-0.383069
-0.275337
0.170349
-0.581936
-0.0676558
-0.171201
0.14899
-0.0668682
-0.240813
-0.255408
0.0183133
0.173936
0.0563125
0.207911
-0.0272967
0.551959
0.0963899
-0.787197
0.0383669
0.234405
-0.372263
-0.0516271
-0.490377
-0.462731
-0.294388
-0.263515
0.23362
0.251874
-0.147627
0.0555682
-0.0215078
0.174072
0.0969957
-0.0398147
0.0509415
-0.266311
-0.0438364
-0.0317166
-0.137256
-0.154263
-0.189332
0.0190085
-0.0406187
-0.0868321
-0.357721
0.0914956
-0.24653
-0.193893
0.0383978
0.00203279
-0.278569
0.143456
0.170396
-0.0117583
0.353082
-0.0955075
-0.181545
-0.0883322
0.140136
-0.312967
-0.194565
-0.0409649
-0.143793
-0.294137
-0.596737
-0.323047
-0.259551
-0.0608232
0.0886247
-0.638939
-0.151348
-0.25312
0.343085
-0.243704
-0.399055
0.100272
0.0860321
0.181246
0.183201
0.139165
-0.427709
0.0297624
0.0270614
-0.142307
-0.302986
-0.275903
-0.304163
0.343325
-0.0996913
-0.269937
-0.217048
-0.0589134
0.203235
-0.310497
-0.214283
-0.105692
-0.235534
-0.0101507
0.131596
-0.00390943
-0.0561941
0.179188
0.121857
0.171
0.0585203
0.281904
0.185988
-0.194868
0.0893737
0.0547527
0.171316
-0.0197509
-0.0951052
-0.0117834
-0.408857
-0.0185337
0.282011
-0.152377
0.420257
0.325304
-0.384872
0.287984
0.218181
0.0665704
-0.186106
0.203112
-0.115505
-0.022308
0.0526316
-0.0128539
-0.358673
0.17531
-0.346477
-0.00544073
-0.46077
-0.261225
0.0863457
-0.0874913
0.243947
-0.0226111
-0.453683
-0.00216638
-0.171476
-0.114323
0.012021
-0.124332
0.0118022
0.359855
-0.023704
-0.127649
0.135665
0.0685102
0.149984
0.642546
0.00200356
0.0742974
0.0755881
0.0858638
-0.00924026
0.31136
-0.0712892
0.145402
0.220425
0.0896343
-0.0252408
0.230091
0.312183
0.0163237
0.234647
-0.13437
0.00149258
0.32938
-0.226168
-0.0583194
-0.0109475
-0.168323
0.0742756
0.0750064
-0.288375
0.190035
0.0510374
-0.228061
-0.141887
0.158523
0.0654496
-0.68903
0.046555
-0.129206
-0.357283
0.0385295
-0.593183
-0.244923
-0.0977407
-0.0273639
-0.0804852
-0.0279518
-0.0349069
-0.223039
-0.0630591
-0.784914
0.340144
-0.0111207
0.406032
0.10012
0.0937563
0.239307
-0.0508102
-0.203812
-0.0417731
0.0886787
0.00793602
-0.460877
-0.182248
-0.433292
-0.0722755
-0.124396
-0.183136
-0.325997
-0.159992
-0.209641
-0.207032
-0.0296749
-0.276335
-0.286369
-0.0779088
-0.0776887
0.227362
-0.145569
0.0324263
-0.244614
-0.0570391
-0.156209
0.326531
0.0767403
0.279231
-0.00277199
0.0555464
-0.403914
0.172502
-0.0730866
0.0490476
-0.437102
-0.272084
0.266418
-0.253973
-0.260722
-0.197297
0.13846
-0.461949
0.0298679
-0.476331
-0.25391
-0.46938
-0.37246
0.12762
-0.206503
-0.440795
0.569834
0.280775
-0.156571
0.194832
0.21618
0.18112
-0.0884714
-0.485743
-0.162604
-0.184816
-0.0980378
-0.379616
-0.344805
-0.0485998
0.0162014
0.0868595
0.400652
-0.208014
0.0663242
-0.196239
-0.0112547
-0.169326
-0.179224
0.180855
-0.0268749
-0.633022
0.25365
-0.197259
-0.195249
-0.382306
0.186949
-0.190498
0.0905353
-0.18821
-0.147345
0.19557
-0.201254
0.379393
0.238156
-0.102004
-0.149143
0.436523
-0.0531827
0.136526
-0.115689
-0.0188013
0.0864487
0.151548
-0.201193
-0.0533221
-0.0589837
0.0208875
0.0637359
0.29004
-0.120343
-0.491818
-0.128691
-0.0272602
0.155399
-0.222808
-0.000145812
-0.240662
0.0861864
0.280638
-0.0254354
0.103922
-0.00218737
0.2252
-0.350599
0.0425835
-0.191968
0.123388
-0.0136596
0.00724856
0.0288076
0.150504
0.307036
0.117558
0.147065
-0.055469
0.450667
-0.0195907
-0.380705
0.642546
-0.140751
0.154376
0.000923786
-0.0241888
0.0389256
-0.433517
-0.229651
-0.113098
0.140024
-0.317981
0.0632236
0.238723
-0.0337777
-0.0756673
-0.180115
0.31199
0.126535
0.212174
-0.408115
-0.187398
0.330903
0.174923
0.40147
0.345913
0.0559048
-0.113467
-0.074883
-0.0234609
-0.159633
-0.421315
0.0782765
-0.842968
-0.0949797
0.259345
0.12813
-0.264429
0.264464
-0.0153047
0.0594777
0.16097
-0.111105
-0.100675
0.0899757
-0.225913
0.0433426
0.0391751
-0.373897
-0.367153
-0.56542
-0.00680435
0.153387
0.0248268
-0.118077
0.44795
0.310933
-0.00736367
0.158882
-0.269939
0.0637679
0.0119036
0.0884702
-0.0161619
0.0517747
-0.354952
0.0501464
-0.0912754
-0.156674
0.0493402
0.0133714
0.139988
0.0414547
0.354188
-0.068976
-0.152289
-0.237146
0.189851
0.25828
-0.190783
-0.30597
-0.352665
0.0969607
0.132892
0.165238
0.188253
-0.315195
0.47639
-0.180106
-0.123358
-0.271648
-0.00822146
-0.0526316
0.0843861
-0.402677
-0.0457407
0.130434
0.181757
0.313667
-0.0247294
-0.0660517
-0.2703
-0.166958
0.0324865
0.164977
0.170857
0.0610105
-0.077648
0.712165
0.235189
0.308275
0.0997509
-0.505747
-0.0331764
0.0394655
-0.0779826
0.0334238
-0.17075
-0.500688
-0.0320644
-0.0270513
0.0331968
-0.0455915
0.701752
-0.282148
0.35854
0.0766741
-0.0658359
-0.272204
0.068913
-0.55865
-0.276009
-0.412408
-0.167411
-0.198307
0.107503
0.295033
-0.358809
0.212889
0.120757
-0.04583
0.0703792
0.271253
-0.090089
-0.229619
-0.0851833
-0.44327
0.136033
-0.223986
0.16836
-0.110059
0.0839818
0.210245
0.0658185
-0.142556
-0.0514964
-0.571883
0.0108912
0.0931997
0.0918212
0.434674
0.297626
0.265893
-0.155235
-0.320882
-0.216599
0.062753
0.200168
0.0441493
-0.200412
-0.269423
-0.266724
-0.188909
-0.0135239
-0.345292
-0.0618759
-0.267024
0.0459967
0.00280076
-0.629315
-0.190501
0.209054
-0.183777
-0.260125
0.0947059
-0.109014
-0.22436
-0.182258
0.00167157
-0.248995
0.16656
0.182837
-0.430849
-0.531844
0.29966
0.257704
-0.134924
0.179609
-0.31136
0.0625053
0.0814819
-0.0576608
0.208924
-0.045607
0.00703339
-0.264241
-0.0867433
-0.0558116
0.0526316
-0.708184
-0.157311
0.160005
-0.340822
-0.121513
-0.285935
-0.152889
-0.0843167
-0.0988911
0.132307
-0.202374
0.0995565
0.0376803
0.12089
-0.0312588
-0.334627
0.184148
0.0344012
0.126479
0.470227
-0.0210731
-0.360596
0.227175
0.620471
-0.186337
-0.0417156
-0.32272
-0.185726
0.181455
0.0899951
-0.118702
-0.214817
-0.103904
0.244537
-0.0434889
-0.0250746
0.278496
-0.148918
0.325835
-0.194054
-0.314699
-0.111358
-0.174991
0.1343
-0.123907
-0.124972
0.394428
-0.106155
-0.105124
0.0976928
0.0740835
-0.130412
-0.04552
-0.0953566
0.41897
0.104809
0.289827
-0.198388
-0.109186
-0.153616
-0.193121
-0.057618
-0.154514
-0.0877692
-0.434255
-0.169752
0.149737
0.10572
-0.00954106
0.182798
0.31136
0.168782
0.0264251
0.0295239
-0.397509
-0.355
0.330204
0.155472
0.233226
-0.0715754
-0.431317
0.0146963
0.303981
0.130875
-0.172514
-0.34368
-0.268294
-0.363141
0.0256715
-0.236824
0.196595
-0.58897
0.0716356
-0.236169
0.0324444
-0.380418
-0.189302
0.170875
-0.0319928
0.248427
0.162917
-0.291433
0.281935
0.381225
0.303097
0.0108333
0.189427
0.0617808
-0.10639
0.427921
0.480548
-0.123388
0.165433
0.00225638
0.370364
0.0385153
-0.0405313
-0.0865763
-0.309748
0.130009
-0.127062
-0.507507
0.410511
-0.197788
0.143418
-0.232641
-0.0283395
-0.0927105
0.396574
0.0104727
-0.260476
-0.115468
-0.290323
-0.165238
-0.196365
0.270237
0.228164
0.224827
-0.14728
0.0368464
0.124602
-0.420961
0.0140283
-0.451468
-0.120018
0.124291
0.322893
0.384205
-0.616682
0.388437
0.0495997
0.163551
-0.110845
-0.323853
-0.271784
0.0349466
0.562808
0.287404
-0.221194
0.075072
-0.0709307
-0.032191
0.105831
-0.21788
0.0808796
-0.266116
0.138796
0.326411
0.290497
-0.107171
0.483992
0.248312
0.0196446
-0.125949
0.0959016
0.179334
0.084467
-0.0733351
-0.21553
0.0105862
-0.0845844
0.199215
0.244985
-0.157714
-0.0312939
-0.260281
0.150162
-0.22432
0.0795185
0.102581
0.0197783
-0.0169992
-0.0805161
-0.137332
-0.391134
0.117126
-0.299817
-0.183137
-0.0545723
-0.0799837
-0.181121
-0.0775846
-0.0896981
-0.149347
0.0361785
0.0496263
-0.270413
0.248321
-0.344556
0.163125
0.143465
-0.116944
0.435164
-0.0321305
0.0142021
0.208587
0.051646
-0.0182181
-0.368371
-0.252671
0.113218
0.235293
-0.00106888
0.186567
-0.311035
0.218005
0.31136
-0.286529
-0.312543
0.129423
-0.356566
-0.104611
0.0725394
-0.432156
0.273783
-0.114754
-0.2033
-0.371594
-0.0476852
0.109075
0.375707
-0.346473
0.00788581
-0.0101009
0.0917201
-0.24863
-0.121825
-0.184382
-0.121942
-0.200913
-0.305819
-0.0174456
-0.0409558
-0.439749
-0.283981
0.225228
-0.484635
0.235215
0.266799
0.275466
-0.406765
-0.0646099
0.397816
0.111872
-0.27314
-0.0248044
-0.0517352
-0.0819878
-0.148586
-0.0972951
-0.132037
-0.220388
-0.12983
-0.32648
0.276395
0.0483598
-9.37511e-05
-0.00126252
0.145087
-0.0684129
0.252923
-0.167282
-0.22581
0.097878
-0.186687
0.0477063
0.203381
0.103435
-0.0460742
0.137661
-0.00900913
-0.265943
-0.251523
0.0415031
0.217959
-0.150401
-0.276715
-0.233874
-0.394305
0.142093
-0.252772
-0.396566
0.155946
-0.072068
0.120767
0.267387
-0.30986
-0.185739
0.381396
-0.0294808
-0.6181
-0.065631
-0.178684
0.0235938
0.307246
0.028985
0.294358
-0.0719636
0.0608618
-0.256385
-0.162157
-0.0681695
-0.273411
-0.173505
0.0721651
-0.145188
-0.214724
-0.344881
-0.124465
-0.154055
0.173256
-0.303232
0.0250935
-0.244321
-0.00532022
-0.181911
-0.0171188
0.0415018
0.0688559
-0.17323
-0.0327971
-0.103729
-0.0360998
-0.0702587
-0.165238
0.170811
-0.201477
-0.141842
-0.0778248
-0.188462
-0.198093
0.190084
-0.2736
0.148229
-0.158632
-0.273087
0.061804
-0.0345835
0.0534845
-0.0617038
0.117084
-0.218661
0.0332871
0.345795
-0.0685716
0.0714684
-0.436235
-0.174155
-0.119547
0.081896
0.0801198
-0.10716
-0.283293
0.00972846
-0.229008
0.0754234
-0.436431
0.403304
-0.180115
-0.166068
0.167854
-0.561703
-0.0817409
0.228194
0.465319
0.0169532
-0.0391535
0.00642002
0.0251433
0.0485164
0.00468886
-0.292414
0.332689
-0.00190514
-0.60357
-0.0255106
0.132345
0.0169641
0.182095
0.319198
0.10987
0.183018
0.194746
0.179831
-0.0279613
0.110823
-0.399107
-0.0631667
-0.179369
-0.330683
0.168819
0.042264
-0.512327
-0.35729
-0.20522
0.108558
-0.347546
0.0108954
0.0119895
0.13291
0.119058
-0.639875
-0.0741326
-0.324852
-0.145153
0.336322
0.144952
0.127464
0.0485955
-0.21216
-0.0181523
-0.60804
0.0143217
-0.035421
0.0774524
0.142003
-0.204317
0.0171881
0.0397715
0.118358
-0.0186345
-0.167435
0.273156
0.24865
-0.150906
0.188187
0.0119546
0.37267
0.0537855
0.161233
-0.0638824
-0.22084
0.093555
-0.158532
-0.16011
-0.047787
-0.176502
-0.0981973
-0.135929
-0.40606
0.292248
0.281868
-0.168229
0.372466
-0.235858
-0.218082
0.375035
0.243838
-0.0895818
-0.244043
-0.294715
-0.332862
-0.0676995
-0.277127
-0.428552
-0.196733
-0.303587
0.278872
-0.0744803
0.074047
-0.140483
-0.0819622
0.264424
-0.0153645
-0.0967645
-0.278693
-0.286558
0.0463235
-0.0158361
-0.157734
-0.108131
0.0397366
0.0935259
-0.252258
-0.0257487
-0.135841
0.134236
0.126286
0.147637
-0.110777
-0.1907
-0.109652
0.120591
0.0433836
0.0411393
-0.289111
0.152271
0.404335
-0.226117
0.18995
-0.315709
-0.15119
-0.226264
0.00132039
0.0160615
0.100894
-0.227415
-0.228571
-0.0291651
-0.0418409
-0.246587
-0.180417
-0.0378436
-0.489969
0.137411
0.206054
0.100583
-0.140784
0.0722945
0.390979
-0.359264
-0.156585
-0.647467
-0.301545
-0.233071
-0.212498
-0.242227
0.110554
0.000855746
-0.052673
0.0817448
-0.107636
0.0368644
0.0461658
0.609544
-0.270981
0.0339801
-0.218406
0.0336407
-0.158678
0.184376
-0.321118
-0.591049
0.120278
-0.0605951
0.000377288
-0.0721919
-0.038934
-0.350639
-0.140081
0.162266
0.0350575
-0.0369124
-0.267442
-0.0371017
0.396993
0.104952
0.135476
-0.163357
0.00444186
-0.0262043
0.126456
0.00961502
-0.0532791
0.258831
-0.342112
-0.0706036
-0.342667
-0.203466
-0.103015
0.148771
-0.174358
0.309119
0.202741
0.0427329
-0.133577
-0.251386
-0.335514
0.00396543
-0.00954193
-0.00935134
-0.448567
-0.231829
0.07347
0.0933963
-0.334592
-0.163248
0.0812238
-0.0597048
-0.397335
-0.251633
0.149337
0.130669
-0.097763
-0.209226
0.0898121
-0.149657
-0.239494
-0.114437
-0.632726
0.00583875
-0.168669
-0.130766
-0.116906
-0.343813
-0.215785
-0.070338
0.131943
-0.0606602
-0.172308
0.0255797
0.197333
-0.28893
-0.230773
0.0355828
-0.0694968
-0.098873
-0.231895
0.13712
-0.319704
-0.193049
-0.0547008
0.0432074
-0.0316608
0.108159
-0.204677
0.0988313
-0.185758
0.237585
-0.204592
-0.268621
-0.0868609
-0.0464507
0.368891
0.0370329
-0.256335
-0.0761551
-0.207075
-0.084578
-0.188207
0.215728
-0.248948
-0.00561251
0.10538
-0.115608
0.247037
-0.237774
-0.00964243
-0.116996
0.0262762
-0.439176
-0.551922
-0.177748
0.16424
0.130806
0.175379
0.198456
-0.5706
0.132281
0.218975
0.0143634
-0.542531
-0.499471
-0.280659
0.126322
0.263843
0.226923
-0.0835187
-0.0746564
0.182532
0.35073
0.0322916
0.0526316
-0.268143
-0.0813678
-0.407548
-0.143884
0.108069
-0.743604
0.391613
-0.238911
-0.139292
0.0123764
-0.194895
-0.253109
-0.245889
0.275564
-0.037336
0.121311
-0.0735331
0.366497
-0.266921
-0.172283
0.298817
0.112401
-0.61906
-0.113535
-0.34321
-0.272652
0.350125
-0.408197
0.0313993
-0.244958
-0.103319
0.308574
0.186775
0.313896
-0.321636
-0.0799285
-0.313692
0.366102
0.325295
-0.0994652
-0.158962
0.042624
-0.642546
-0.174543
-0.15833
-0.288744
0.189998
0.0758775
-0.100927
-0.394657
-0.184248
0.274882
-0.183071
-0.0323698
0.865843
-0.0823758
-0.448868
-0.355528
-0.0861011
0.300558
-0.072553
0.016045
0.223077
-0.421471
-0.0616817
0.178528
-0.317158
0.0767165
-0.0150218
0.238057
-0.0481605
0.173891
-0.183342
0.297685
-0.400844
0.263927
-0.19688
0.0684932
0.320685
0.06831
-0.124057
-0.142904
-0.11188
0.197434
-0.179654
0.0722669
-0.37196
0.152493
-0.0689031
-0.437742
0.151187
0.0712717
0.204797
0.195777
-0.139105
-0.379417
-0.262248
-0.174099
0.0262348
0.0171529
-0.156491
0.336768
0.207847
-0.0977238
-0.0568865
-0.157335
-0.0307299
-0.158834
0.0148339
-0.111014
-0.183448
-0.0556867
-0.247025
0.549475
-0.0608315
0.0745577
-0.0688545
-0.165583
-0.134771
-0.33709
0.0790805
-0.049416
0.453079
0.169428
0.132814
-0.0455933
-0.216328
0.0862731
-0.148515
0.0874774
0.141785
-0.19186
-0.225961
-0.0641925
-0.0769144
0.303051
0.239754
-0.323628
-0.730446
0.0535866
-0.17338
-0.144328
0.0171147
0.159506
-0.0455842
-0.119004
0.367213
0.126877
-0.0989235
0.0276705
0.292524
0.064857
-0.205469
-0.154855
-0.0697625
-0.0865029
-0.341695
0.120523
-0.186335
0.120138
-0.190832
-0.230143
-0.113962
0.200218
0.310682
-0.0971602
-0.00606428
-0.14131
0.350795
-0.111468
-0.00145822
-0.00876532
-0.257492
-0.0156414
-0.148205
0.245299
-0.307123
-0.00486446
-0.0958288
-0.290759
-0.381896
-0.209417
0.278906
0.00536543
0.376855
-0.163209
-0.100663
0.0197976
0.102954
-0.150282
-0.139675
0.430114
0.254947
0.313168
0.361323
0.0687061
-0.067481
-0.230959
-0.100515
0.0337694
-0.132979
-0.0389904
0.328268
-0.229705
-0.219166
-0.195269
0.266777
0.265034
-0.148688
0.269234
0.326816
-0.0666076
-0.0129848
0.130022
-0.560621
-0.00555132
0.102317
0.0154436
-0.0711738
0.40408
-0.340473
-0.0915731
0.200413
-0.358747
0.0400639
0.161974
0.603069
0.0556135
0.0602331
0.116361
0.290836
-0.161586
0.404191
-0.0383678
-0.0732872
-0.38187
-0.161584
-0.378512
-0.367927
-0.608418
-0.112316
0.087736
-0.316255
-0.0607744
-0.368965
-0.0258441
0.578261
0.0096496
0.0400722
-0.280327
0.349015
0.0035758
0.0615809
-0.0800412
-0.121102
0.0476688
0.149031
0.177505
0.119261
0.223327
-0.187626
-0.039084
-0.138956
-0.00673997
-0.262141
0.289401
-0.17334
0.172993
0.0790773
0.291404
-0.407051
0.211719
-0.269147
-0.121777
-0.412083
0.289933
-0.288031
0.130513
-0.139271
-0.149478
-0.272945
-0.367979
-0.00653197
0.0808974
0.085756
-0.0994814
0.00765982
0.00356613
-0.207329
0.0164074
0.122621
-0.329578
0.170526
-0.270651
0.258758
0.0377979
-0.0403238
-0.00505083
0.0941605
-0.0254326
0.251422
0.229645
0.303107
0.0902654
-0.299467
0.315717
0.376531
-0.0383149
-0.121173
-0.0377258
0.111749
-0.00284887
-0.162996
-0.561661
-0.128359
-0.0159839
-0.11522
-0.211149
-0.165238
-0.158855
-0.0601774
0.221493
0.0930041
-0.28029
0.0132547
0.111672
0.0884314
-0.386772
0.0224517
-0.370318
-0.543612
0.163177
-0.187372
0.147549
-0.669613
0.30968
-0.346679
-0.181183
0.377094
-0.0529104
0.0885445
-0.0800191
0.00027075
0.100966
-0.0290004
0.0470331
-0.10646
0.240411
-0.250742
0.299663
0.146534
-0.161411
-0.460704
-0.220904
-0.269133
-0.0860038
0.262122
-0.181911
0.145784
0.256693
0.224901
-0.0710486
-0.305571
0.0280669
-0.226028
-0.0935876
-0.176788
-0.221628
-0.0715875
-0.0840212
-0.116563
0.17555
0.277978
-0.00609335
-0.300249
0.190767
-0.0724324
-0.154816
0.617271
-0.229805
-0.225504
0.0653915
-0.178689
0.19512
-0.225206
-0.378349
-0.235883
-0.297295
0.266162
0.00820513
0.119854
0.460459
-0.133492
-0.0439349
0.10302
0.00831279
-0.0359274
-0.108838
0.256309
-0.36027
-0.220625
-0.421032
0.186448
-0.151266
-0.204632
-0.221331
0.102505
0.00804431
0.247424
-0.500688
-0.161018
-0.0473477
0.0775796
-0.272153
0.3349
-0.570711
-0.08295
-0.0976613
0.120649
0.257811
-0.140628
-0.136222
-0.301439
-0.0186962
-0.103825
-0.0901256
-0.428504
-0.314852
-0.0861256
-0.415888
-0.108982
0.420761
-0.250538
-0.316461
0.0640321
-0.0261715
0.253248
-0.0184143
0.250941
-0.00639246
0.317476
-0.0520737
-0.0972582
-0.440131
0.258206
-0.205068
0.0384368
-0.210795
-0.266345
0.0304324
-0.187077
-0.0803527
0.0133471
-0.0410047
-0.0755475
-0.207228
-0.187365
0.24405
-0.303772
-0.551959
-0.200753
0.333521
0.341104
-0.152709
0.202914
0.0705853
0.264034
0.0155911
-0.423316
-0.258153
0.0325941
0.622666
0.0595271
-0.159788
0.279929
0.342854
-0.227521
0.454688
0.3603
-0.184266
0.0438334
0.221199
-0.307096
0.110864
-0.0359155
0.435152
-0.0334526
0.0544789
-0.129813
-0.119813
0.134386
-0.189895
0.242635
-0.00307022
-0.203219
-0.120616
0.239042
0.147923
-0.361596
-0.28019
0.0386603
-0.183978
-0.406838
-0.767907
0.219128
-0.192371
-0.199384
-0.276745
0.0727744
-0.279876
-0.307499
0.00262667
-0.106663
-0.0666106
-0.133381
-0.185392
0.2469
-0.0654884
-0.11864
0.0889717
0.0505612
0.0208648
-0.11704
0.349238
0.215442
-0.129896
0.103738
0.160829
-0.0593341
0.159172
0.115902
-0.3279
-0.0014218
0.263854
0.0431279
-0.292645
-0.00201574
0.0660289
0.0385431
-0.103297
0.199709
-0.229945
0.0773822
-0.393398
0.371007
-0.400332
0.144722
-0.0874372
0.0406779
-0.0888849
0.0692907
-0.0432863
-0.455123
-0.439095
-0.0692862
-0.110635
0.192633
0.258004
-0.210304
-0.642546
-0.0376099
-0.19033
0.244126
-0.671509
-0.0232644
-0.281371
-0.248215
-0.219517
0.105478
-0.315004
-0.45324
-0.188599
0.00519984
0.214925
0.0952169
-0.266245
0.0752711
-0.0760488
0.268318
-0.379892
0.121848
0.172492
0.138138
-0.0391661
-0.0888002
0.181708
0.248969
-0.185087
-0.166768
-0.0847206
-0.396815
-0.369248
-0.157128
0.187027
-0.307114
-0.371479
-0.599475
-0.152563
0.232848
0.154829
0.106016
-0.214522
-0.470681
-0.20061
-0.199816
-0.484561
-0.227824
0.0770857
-0.290913
-0.325142
-0.34958
0.334349
0.196526
-0.0584952
0.199045
-0.0952062
0.282025
-0.697382
0.0888003
-0.00507043
0.155376
0.184379
0.492889
-0.0272592
0.121523
0.210389
-0.0557117
0.0529372
-0.103004
-0.0718137
0.244799
0.360907
-0.313645
-0.326391
0.0441562
0.110309
0.455227
-0.520155
-0.0342858
0.292388
-0.0366018
0.017102
-0.626286
0.0371709
0.0630959
-0.21372
0.105283
0.0758109
-0.177214
-0.00576647
-0.0589333
0.0346309
-0.323609
0.11009
0.534501
-0.413081
0.0103062
0.348275
-0.318912
0.00439453
0.238675
0.011002
0.213532
0.112418
0.133392
0.0843124
0.0601325
-0.0901482
-0.104171
-0.0937417
0.0333817
-0.0504622
0.102151
-0.666477
0.166767
-0.123912
-0.236816
0.23722
0.0763511
-0.214249
0.00534392
-0.278977
0.0170527
-0.0168555
-0.553782
-0.277459
-0.0240395
0.13578
0.170518
-0.290569
0.0991466
-0.085858
0.0582213
-0.120983
-0.37995
-0.141992
0.10073
0.367123
-0.165238
0.187742
0.0375797
0.329516
-0.0731943
0.0127715
-0.103834
-0.420275
-0.14868
-0.194355
0.149116
0.00192467
-0.476524
-0.288871
0.0151396
-0.0145837
9.07178e-05
0.0021793
0.326555
-0.0203042
-0.0782644
0.0643178
-0.151104
-0.0723801
-0.269187
0.0134315
-0.117021
0.182944
-0.281586
-0.211709
-0.452168
0.233424
-0.377957
-0.23009
0.12593
-0.163643
0.161922
0.184487
0.0563443
-0.330063
0.597447
0.517503
-0.0660871
0.186794
-0.642546
-0.024648
0.0955761
-0.220746
-0.096381
-0.425095
-0.172294
0.22198
0.276842
-0.794414
0.0825878
-0.135655
-0.165993
-0.219907
0.237599
0.310035
0.0408539
0.352275
-0.134608
0.128968
0.197576
-0.0240474
0.120111
0.398252
-0.525302
0.369867
-0.0882048
-0.334383
0.225571
0.398143
0.0407788
0.116683
0.0315174
-0.264099
-0.419255
0.030621
-0.114294
0.186194
0.152791
-0.296768
-0.65205
-0.111982
-0.246649
-0.271603
0.165197
-0.0926193
0.322265
0.148035
0.233454
-0.423475
-0.0329066
0.0103594
-0.0146005
-0.320895
-0.281597
-0.207861
-0.104714
0.0538463
0.0190617
0.104205
-0.266889
0.275437
0.0522264
-0.0325875
-0.286039
-0.194546
-0.691077
-0.342862
0.0712211
-0.3306
-0.20104
0.148361
-0.116663
0.396047
0.148728
-0.192207
-0.164957
-0.0941759
0.176107
-0.272228
-0.017795
0.0788237
-0.0170584
0.182463
0.225192
-0.136943
-0.131854
-0.192519
0.0908366
0.322352
-0.242686
-0.0380193
0.31151
0.00693727
-0.119656
-0.0637472
0.107332
0.326899
-0.129577
-0.0143471
-0.117924
0.44159
-0.0179631
0.0921491
-0.120274
-0.119351
0.163832
-0.170563
-0.161476
-0.00799477
0.285034
-0.103889
-0.210635
-0.0191902
-0.272747
0.131222
0.0723052
0.139619
-0.118589
0.184469
-0.0195881
0.0737323
0.14277
0.0334724
0.355745
0.112959
-0.157951
-0.0374109
0.221694
-0.206359
0.436286
0.0824164
0.0938153
-0.146521
-0.0773228
-0.167054
-0.525108
-0.18133
-0.191461
0.178843
-0.180168
0.332273
-0.206603
-0.150902
0.162351
-0.308645
-0.0540274
0.221081
-0.0551905
0.107431
0.196087
-0.14038
-0.273082
0.0203451
-0.183776
-0.525795
-0.118998
0.215937
-0.120603
0.303348
-0.110511
0.332159
0.406582
0.105716
0.0122137
-0.050194
-0.62844
-0.06054
0.10532
-0.0455109
0.234279
-0.0526316
-0.289224
0.362805
-0.1349
0.169924
0.0814644
-0.154535
0.123674
-0.147833
-0.0662014
-0.0347491
0.468161
-0.0222168
-0.0183483
0.0752877
-0.0670448
0.350659
-0.0189704
-0.265898
-0.150422
-0.314196
-0.331793
0.0552051
0.494637
0.308035
-0.0233246
0.304874
-0.0520227
-0.00737532
0.261859
0.0338389
0.215361
0.183972
-0.439403
-0.118001
-0.15126
-0.48479
0.19659
-0.0318632
-0.188724
-0.0749941
0.147597
0.00680542
0.0589795
0.309386
-0.0465413
-0.124221
0.122757
0.00156827
0.221758
-0.0473932
-0.304411
0.190925
0.165069
-0.151208
-0.642546
-0.0336435
0.161405
-0.0108923
0.195053
-0.0593593
-0.787666
-0.315166
-0.0629958
-0.0297342
-0.516714
-0.190287
-0.433591
-0.00319209
0.114682
0.280042
-0.165773
0.319148
0.346521
0.477515
0.140909
-0.480284
-0.147969
0.193604
0.318519
0.056871
0.0176856
0.464402
-0.57805
0.286682
-0.0414121
0.0315075
0.0561172
-0.27033
-0.272624
-0.316909
0.28139
0.083148
-0.023181
-0.0812549
-0.338039
0.154121
0.301668
0.440548
-0.306004
-0.0901332
0.0320322
0.0530633
-0.129209
-0.0561161
-0.0355065
-0.556199
-0.626286
0.338337
0.0116271
-0.422303
-0.115479
-0.134069
0.342688
-0.191782
-0.280683
-0.186077
-0.131349
-0.2416
-0.233537
-0.50265
-0.0493172
-0.152837
0.113092
-0.0741821
0.00111149
0.050421
-0.00825931
0.0293893
0.28464
-0.15753
0.525058
-0.384754
0.150751
-0.0797856
-0.138588
0.201812
0.0775871
-0.108385
-0.207563
0.371788
-0.521546
0.397772
0.215489
0.190769
0.134947
0.364196
-0.0569331
-0.0983126
0.142455
-0.070254
0.0593099
0.00555383
0.0802967
0.113689
-0.161627
0.0766569
0.178918
0.0976324
-0.29472
0.13702
0.0534031
-0.214837
-0.158456
0.488807
0.182201
-0.353929
-0.146351
-0.403168
0.0110347
-0.106421
-0.0104403
-0.356019
-0.238154
0.00236836
0.0189299
-0.0511868
-0.0500132
-0.305862
-0.572856
0.0774857
-0.0991048
-0.702279
-0.234872
-0.19024
-0.229735
0.207333
-0.00578496
0.0142477
0.126901
-0.200156
-0.45252
0.00217963
-0.164536
0.571124
0.115132
-0.279073
-0.0506479
-0.164559
-0.164092
-0.170708
-0.0304557
-0.166693
0.146124
-0.430691
0.0733206
-0.106849
-0.0169193
-0.235826
0.0414956
0.150527
0.128596
-0.0767511
-0.194251
0.171655
0.096079
0.378085
-0.641073
-0.26062
0.201272
0.00212009
0.244293
0.0430261
0.224647
-0.302778
-0.548736
-0.0711388
-0.087684
-0.153443
0.112858
-0.179739
0.023793
-0.0694611
0.139071
-0.607123
-0.070843
-0.106844
0.073341
-0.551778
0.310237
-0.0580723
0.0466837
-0.145658
-0.0273936
0.0676399
-0.0115276
0.105317
-0.145287
0.318949
-0.0201302
0.198523
-0.328365
0.178287
0.0698418
0.161186
-0.40717
0.276515
0.199419
-0.177177
0.0641866
0.125288
-0.705056
-0.0907023
0.267605
-0.109655
0.200366
-0.0723542
0.380666
0.0760645
-0.0382288
-0.122104
0.109607
-0.0945344
-0.196433
-0.454951
0.105615
0.382247
-0.133553
-0.535487
0.379758
-0.0713942
0.0667279
0.185159
-0.0423892
-0.0893447
-0.164984
-0.0660185
0.201572
-0.137065
-0.0822152
-0.096199
-0.222429
0.141131
-0.0347123
-0.15714
0.0764951
0.227564
0.213701
-0.4504
0.029354
0.0110449
-0.551959
-0.170801
-0.0958753
-0.157456
-0.305796
0.00444678
-0.194915
-0.0607526
0.0209933
-0.0386766
-0.280132
0.135417
0.102997
-0.22847
-0.225303
-0.01206
-0.0893245
0.093836
-0.385342
-0.0984061
0.217196
-0.25707
-0.353717
-0.119856
0.259141
-0.317174
0.122318
0.224543
0.00971251
0.0885267
-0.123557
-0.593051
-0.0360582
-0.100362
-0.342574
0.033995
-0.198954
0.045222
0.0634102
0.384017
0.49081
-0.338439
-0.0507247
0.019762
-0.0257221
0.0851891
-0.194776
-0.211013
-0.0716599
-0.164037
-0.159107
-0.0936627
0.147396
0.00216467
0.295965
-0.25225
-0.152556
-0.215326
-0.0993519
0.265047
-0.783504
-0.11114
-0.315311
0.0847233
0.195441
0.345539
-0.204558
-0.342337
-0.0483551
0.0107161
-0.0409658
0.486984
-0.100245
0.0568102
-0.122411
0.0394264
0.111275
-0.233521
-0.00915933
-0.084807
0.0160556
0.17054
-0.300602
0.131897
0.0548555
0.114511
0.211502
-0.0732641
0.111025
-0.0441009
0.0450054
0.0202958
0.0518995
0.0194193
0.00625393
-0.126809
-0.137357
-0.206786
0.0482899
0.258885
0.0454758
0.172462
0.194317
0.358164
0.0668094
0.0470091
-0.806385
0.141608
0.0363505
0.016149
-0.27299
-0.168048
0.279882
-0.313692
0.389396
-0.140267
-0.0819761
0.320262
-0.310783
0.26566
-0.216043
0.00660523
-0.122852
-0.43509
-0.195771
-0.628719
0.0853191
-0.207402
-0.0875609
-0.316189
-0.192277
0.163177
-0.0887748
-0.201289
0.0427425
0.250379
0.0793177
0.066013
0.294671
-0.490447
0.0919699
0.340252
0.266063
-0.0720215
-0.038326
-0.43601
-0.271258
0.0367079
0.419696
0.112641
0.0795255
0.172671
-0.0290131
0.478487
-0.20482
0.376411
0.0736525
-0.168719
0.220834
-0.0922273
-0.143001
0.353319
-0.353867
-0.043507
0.0194103
0.135713
-0.150077
0.278914
-0.245287
-0.560188
0.0428552
0.0717927
-0.151633
-0.430824
0.239438
0.00777837
0.0707987
-0.0142129
-0.0724319
0.284371
0.203171
0.107955
-0.255946
0.0680153
-0.30641
-0.27899
0.372749
-0.0281973
-0.0613919
-0.270813
-0.202515
-0.169328
-0.212974
0.118187
-0.114334
-0.139431
0.0416177
0.0690753
-0.124475
-0.153692
0.179859
-0.33744
-0.394749
-0.0387849
-0.565676
-0.160551
-0.102258
0.317311
-0.369953
-0.152644
-0.135478
-0.0299179
0.109559
-0.0837142
0.0561161
0.206357
-0.540905
0.511337
-0.150072
-0.319217
0.193348
0.23518
0.11366
0.087267
0.122142
0.256464
-0.307187
-0.250563
0.0903292
0.0776555
-0.127976
-0.118254
-0.00969825
0.124564
-0.123424
0.0879516
0.142933
-0.00109836
-0.192762
0.00531268
-0.0855468
0.219631
-0.226133
-0.636801
0.149304
0.642546
-0.253772
0.154704
0.271798
0.176543
0.0953577
0.210943
-0.0594579
-0.569063
0.337743
-0.167413
-0.0317358
0.0875695
0.192725
-0.036252
0.0670676
-0.231668
0.116792
-0.0195233
0.399722
0.295886
0.0637784
0.234667
-0.164575
0.108415
-0.0748157
0.111487
-0.0110943
-0.180876
-0.061502
-0.334855
-0.126284
0.432432
-0.21075
-0.173551
-0.102549
-0.128662
0.150175
-0.294669
-0.13005
-0.0787798
-0.131659
0.158941
-0.174019
0.423357
0.216216
-0.481323
0.0126122
0.208049
0.218629
-0.134465
0.0838522
0.0410312
-0.0526316
-0.505092
0.214445
0.087306
0.218121
0.299079
0.0724088
-0.111652
0.149136
0.0427916
-0.263668
-0.250202
-0.0236666
-0.0230389
0.306124
-0.0598903
0.272394
0.112483
-0.603762
-0.220754
-0.271073
-0.282849
-0.486876
-0.16818
-0.0425834
0.170101
-0.0139856
-0.204545
-0.824453
-0.300938
-0.253044
0.0361511
-0.201197
-0.240989
0.175536
0.154111
-0.375551
0.00203037
-0.692777
-0.124116
0.0734714
0.0376288
0.151521
0.153681
-0.110676
-0.023808
-0.386497
-0.372168
-0.0030236
0.0866386
-0.217315
-0.254336
-0.353077
0.308688
0.176091
-0.0311784
-0.100756
-0.162943
0.331684
-0.410437
-0.0958923
0.0509995
0.0754864
-0.697432
-0.189402
-0.140424
-0.252131
-0.0107114
-0.168253
-0.10932
-0.0347479
-0.286878
0.254355
0.305892
-0.207992
0.211335
0.429484
-0.0526316
0.0670261
-0.0149331
-0.654468
0
0.132958
0.0245743
-0.00616165
-0.108376
0.147781
-0.238288
-0.272649
-0.143747
0.0694144
-0.310806
-0.115172
0.0308496
-0.0772213
-0.0735957
-0.309415
0.164777
-0.407699
0.0915115
-0.390135
0.0353827
0.152875
-0.117405
0.443295
0.245879
-0.331946
0.227523
-0.0256476
-0.314493
-0.357774
-0.410489
-0.171123
0.253721
0.18921
0.375483
-0.17134
0.00398309
-0.320992
0.136021
-0.000979258
-0.480492
-0.390692
0.036872
-0.618749
-0.0321117
-0.114643
0.156346
-0.171706
-0.0991309
-0.21823
0.0939829
0.389239
0.032575
-0.0125472
0.281522
-0.0217973
0.0324611
-0.0958062
-0.0465492
0.161208
-0.483582
0.0964383
0.125514
0.143996
-0.268116
0.144457
-0.144726
0.104807
-0.0706753
0.224562
0.121555
-0.201631
0.0431097
-0.029826
-0.142609
-0.16707
0.428308
-0.0106511
0.11523
-0.373325
-0.0290773
-0.537137
0.173151
0.139178
-0.328291
-0.051875
-0.09894
-0.18687
0.074684
0.0900578
-0.0636643
0.173474
-0.266559
0.0744002
0.00155531
-0.533171
0.0963684
-0.000244974
-0.0383818
-0.0678807
0.0578973
-0.094463
0.4304
-0.370159
-0.106053
-0.0494382
0.0325786
-0.00291191
-0.506854
0.064347
0.285692
-0.0299546
-0.0182767
0.500895
0.355336
0.0526026
0.0543274
-0.471949
0.144313
-0.448382
-0.259331
0.294019
-0.091696
-0.206324
-0.227561
-0.141088
-0.597355
0.0574649
-0.550682
0.176638
-0.112931
-0.0320299
0.117077
-0.183261
0.00348271
-0.102453
-0.431322
-0.158771
0.135425
-0.162955
-0.0813731
-0.0354525
0.0952753
-0.293673
-0.133109
-0.398121
-0.273956
0.219866
-0.192789
0.0975413
0.188503
-0.221426
-0.289407
0.157137
-0.228315
-0.0532358
0.0263408
-0.277655
-0.107428
0.125532
-0.154112
-0.270211
-0.134429
-0.325384
-0.00742418
-0.178125
0.206584
0.2123
-0.410437
-0.130937
0.400385
-0.163771
-0.030819
0.192664
-0.278716
-0.147377
-0.699149
-0.00308415
0.0215272
-0.128402
-0.251099
0.378597
-0.114795
0.0292735
0.280734
0.257033
0.102889
0.247366
-0.0971167
-0.125271
-0.219495
0.0385069
-0.10001
-0.416288
0.0100955
0.0541009
-0.10188
0.291378
0.84417
0.191149
0.140832
0.207739
-0.197751
-0.125548
0.374964
-0.114935
0.0421597
0.00309988
-0.244943
-0.501937
-0.0549114
0.00898716
0.160376
-0.538269
-0.0938771
0.00808358
0.294799
0.339461
-0.123635
0.237156
-0.169656
0.187289
0.0211836
0.127976
-0.392089
-0.119607
0.157639
-0.745847
0.12785
0.0798063
-0.222432
0.0589155
0.151455
-0.293686
-0.151773
0.120904
0.246746
0.179548
0.194679
-0.133528
0.205227
0.239571
0.0253675
0.0152031
0.226123
-0.203109
-0.240533
-0.358501
0.133599
-0.128121
0.127616
0.424013
-0.100334
0.00602701
-0.0167087
0.0461031
-0.185967
0.112444
-0.20356
-0.249371
0.00330703
0.0310966
-0.085392
0.0317853
-0.271755
-0.019303
0.0124936
0.604082
-0.00706027
0.0608561
0.337708
-0.170844
-0.0510554
0.173433
-0.205321
0.0100326
0.0164219
-0.085486
-0.176266
-0.111753
0.00392053
0.0348798
-0.137444
-0.0656283
0.506035
-0.251462
-0.0295735
-0.000652462
-0.067311
-0.259323
-0.121558
0.0405146
-0.032012
0.200186
-0.0321005
-0.0932013
-0.633079
-0.0346011
0.270869
-0.351046
0.276694
-0.209013
0.192151
0.0292218
0.307866
-0.150966
0.025313
-0.0526316
-0.475788
0.149993
-0.630783
0.128903
0.0273567
0.0840575
-0.132073
0.0121409
-0.108611
-0.125214
-0.269543
-0.092339
-0.389959
-0.132179
-0.257135
-0.26205
0.466137
-0.381442
-0.121758
-0.27552
0.325232
-0.0898802
0.247902
-0.270483
0.266388
0.0433307
0.0425158
-0.0172263
0.177464
-0.168147
-0.015636
0.171
-0.103317
-0.116269
-0.045065
-0.00469481
-0.0758094
-0.1374
0.00189692
-0.226366
0.267326
-0.122447
-0.118401
-0.0480087
0.338597
0.220193
-0.114971
-0.343891
-0.263491
-0.211598
-0.386273
-0.285814
-0.0778911
-0.18414
0.288702
-0.14047
-0.551081
-0.408449
-0.104689
-0.164705
-0.0941549
-0.070661
0.145579
0.0930044
-0.143238
0.161246
0.00355472
0.256184
-0.0526316
-0.231783
0.212906
0.195379
-0.119553
-0.15908
0.0563966
-0.212092
0.107407
-0.188282
0.0712441
0.052458
0.0391567
-0.31425
0.173526
0.0583382
-0.0403215
-0.265267
-0.362326
-0.642546
0.52583
-0.0266356
0.100631
0.0833442
0.178428
0.0879485
-0.050055
0.224561
-0.230709
-0.0933177
0.186475
-0.310819
0.127816
0.33164
0.184171
-0.772662
-0.0777291
-0.247445
-0.167403
-0.0453582
0.0575006
0.293456
-0.189604
-0.221874
0.280882
0.396596
-0.127575
0.129607
-0.0297016
-0.17314
-0.244955
0.149445
-0.274138
-0.068554
-0.141699
0.0607855
-0.144682
-0.165048
-0.22271
0.25141
-0.348602
0.162411
-0.419587
0.0312049
-0.222015
0.0384541
-0.0258567
-0.131807
-0.032098
-0.0455377
0.479819
-0.114537
0.148636
-0.162743
0.13737
-0.43442
0.112498
-0.252623
0.303715
-0.239773
0.12833
-0.353829
-0.262094
-0.293799
0.0327129
-0.113034
0.0837705
-0.0346811
-0.0886897
0.150584
-0.250605
0.14735
-0.252059
0.00970687
0.163175
0.159462
-0.152535
0.114437
0.378115
-0.109185
-0.522207
-0.236471
-0.0565766
-0.369002
-0.0281376
0.0290749
-0.191411
0.0628249
-0.296625
-0.310559
-0.121425
0.282877
0.342249
-0.334743
0.0453145
-0.0566488
0.0888555
-0.165238
-0.170168
-0.123398
-0.149298
-0.103907
0.133145
-0.463755
0.234661
0.0233382
-0.098784
-0.165107
0.0301559
-0.12527
-0.149123
-0.0367395
0.197546
-0.151406
-0.119344
-0.322433
-0.0316546
-0.428076
0.172084
-0.258611
-0.320819
-0.0233882
-0.358712
0.0208899
-0.811789
0.0985306
0.0607065
-0.237458
-0.0411083
0.0734636
-0.000847721
-0.040106
-0.749109
0.215189
-0.137535
-0.143678
-0.0716144
-0.221989
-0.0577389
0.066506
0.0775563
-0.078468
-0.139778
-0.372249
0.158917
-0.13797
-0.552306
0.373384
-0.13341
-0.212996
-0.336274
0.342914
-0.0127729
-0.130881
0.0670873
-0.018423
0.163079
0.086213
0.0893511
0.144618
-0.000676476
-0.268065
-0.106244
0.241677
-0.0362201
-0.191397
0.0537114
-0.170973
0.275302
-0.185682
0.149677
0.262118
0.188226
0.0754695
-0.254696
0.194802
-0.144052
0.172403
-0.455262
0.0518952
0.308493
-0.0743418
0.0640603
-0.0821716
-0.0922136
0.0115563
-0.0488708
-0.139228
0.416334
0.281262
-0.206384
0.392355
-0.158083
0.0808394
0.101864
-0.268143
0.14536
0.0852379
0.15028
-0.00338132
-0.305925
-0.551959
-0.214378
-0.346032
-0.170152
0.112087
0.132223
0.148583
0.0713968
0.139783
-0.280551
0.12135
0.0177542
0.175625
0.148314
0.111098
-0.261463
-0.0157563
0.0857925
-0.0905337
-0.0252299
-0.358504
0.414573
-0.220682
-0.296551
-0.154355
-0.341932
0.317731
0.517379
0.350456
0.477805
0.209082
0.314161
-0.546936
-0.163277
0.309199
0.217642
-0.499157
-0.0622857
-0.151632
-0.189681
-0.161263
-0.40644
-0.188267
0.0859962
0.200689
-0.244652
-0.0799698
0.109136
-0.226213
0.521713
-0.390881
-0.169704
-0.131759
-0.459205
0.291879
-0.0275154
0.680774
-0.635418
-0.146619
-0.168164
0.0749898
0.0576807
0.163274
0.0780242
0.262234
0.143797
-0.259304
-0.357502
-0.0931986
-0.367612
0.0230984
0.012516
0.0862465
0.151177
0.357317
0.0540948
-0.102669
-0.0452831
0.052504
0.124095
0.223206
0.00619817
-0.0534046
-0.598477
0.386834
-0.0121032
-0.0676991
-0.0669136
-0.0585149
-0.503097
0.0840279
-0.175702
-0.192688
0.22243
-0.0381272
-0.191688
-0.324315
-0.329582
0.214447
-0.270132
-0.0256059
-0.0361055
0.138474
-0.0409681
-0.0240474
-0.148029
-0.195871
-0.00666255
0.199693
-0.0765236
-0.210167
-0.167284
0.313713
-0.102841
0.0890309
-0.0621318
-0.246156
-0.203536
0.00384024
0.335183
-0.551959
-0.132543
0.149737
0.00925613
0.229583
-0.189631
-0.36265
0.062252
0.0837287
-0.0701157
0.00644168
-0.18293
0.249378
0.083907
-0.273005
0.242947
-0.387347
-0.0682993
0.100273
-0.0721621
-0.473092
-0.130038
-0.00277824
-0.0851702
0.0900726
-0.436637
-0.180393
-0.227266
-0.331869
-0.400158
-0.0183379
0.112545
0.206692
-0.211835
0.379776
0.0529258
-0.465128
-0.0172045
-0.0526166
0.36903
-0.269141
-0.40272
-0.172434
0.160392
-0.0894355
0.380257
-0.010724
0.0955507
-0.0897704
0.350401
-0.370535
0.0997371
-0.161854
0.373806
0.280069
-0.170445
-0.138607
0.280475
-0.423138
0.0700086
-0.127936
-0.338104
-0.00456826
0.0798456
-0.367102
0.0870682
-0.113705
-0.112227
-0.0849957
-0.362659
-0.311966
-0.0500221
0.133007
0.0609642
-0.0852755
-0.212971
-0.186553
0.142705
0.0449342
-0.0092805
-0.131856
0.172757
0.186015
0.104897
-0.283943
-0.124955
0.13395
-0.0730115
-0.0750477
0.273156
0.385377
0.278974
-0.0881896
0.1879
-0.26235
0.239868
-0.147801
-0.458089
-0.618917
-0.0290382
-0.0934034
0.0834039
-0.335514
-0.159529
-0.0207462
0.136313
0.12927
0.0753994
-0.414146
0.273141
-0.204579
-0.233648
0.115003
-0.18682
-0.243357
0.284446
-0.642546
-0.0853014
-0.492021
-0.296986
0.0961913
-0.0544713
-0.0226259
0.0314499
0.313672
0.132658
-0.396014
0.250235
0.269176
-0.0318304
0.196118
0.0869974
0.135979
-0.327808
0.0893194
-0.187408
-0.0609605
0.0210652
-0.177768
0.354076
-0.00281463
-0.0764317
-0.144893
0.697281
0.00386525
-0.199873
0.0573476
0.624954
0.0194218
-0.315869
0.10013
0.319243
0.348827
-0.118111
-0.160794
0.33479
-0.129908
0.092232
0.0725555
0.130539
0.0783624
-0.196992
-0.120223
-0.0839441
-0.0220447
0.363396
0.00727849
0.114997
-0.0449866
-0.0499009
0.054703
-0.403545
0.356168
0.278518
-0.177242
-0.0337306
0.247631
0.102993
0.218239
-0.146188
0.309109
-0.27713
-0.132658
0.0179889
-0.0635647
-0.145329
0.159414
0.226618
0.0601737
0.124427
-0.149476
0.164173
-0.109461
0.179824
0.233434
-0.164215
-0.0725139
-0.0209388
0.17842
-0.161084
0.0526316
-0.402285
0.198836
-0.13236
-0.0514178
0.219529
0.0750966
-0.167668
-0.350629
-0.427452
0.211057
-0.214544
0.541015
-0.661159
0.214174
0.181221
0.0156826
0.365265
0.10557
-0.00801256
-0.167681
0.207756
-0.0225794
-0.0673899
-0.107415
0.0756074
-0.440912
0.0114766
-0.14507
-0.00621542
0.0818029
0.263016
-0.242517
-0.245135
0.271379
0.0383147
-0.493602
-0.221413
-0.317346
-0.276503
-0.216195
-0.134456
-0.0922506
-0.124309
-0.018544
0.0558517
-0.280345
-0.0765818
-0.122379
0.141933
0.0858082
-0.164904
0.208436
0.271894
-0.267598
0.139836
-0.0478677
-0.0116158
-0.0930036
-0.101906
0.0709191
-0.441182
-0.0472348
-0.172507
0.197315
-0.0467353
-0.204738
0.198321
0.073871
0.071278
-0.0961092
0.368105
-0.155707
-0.0210811
-0.0649004
0.133457
0.193948
-0.00501438
-0.237562
-0.365276
-0.0818456
-0.105442
0.0868122
0.126959
-0.275908
0.179603
-0.287803
0.213411
-0.330012
0.241084
-0.144575
-0.213422
-0.541551
-0.0599591
0.585015
-0.00516642
-0.0891467
-0.2739
-0.0676675
0.127192
-0.217826
-0.410437
-0.0081524
0.135011
0.228293
0.248701
0.122331
0.314075
-0.454421
-0.121726
-0.403991
-0.148652
0.429695
0.0993272
0.00154119
-0.472649
-0.0357782
-0.21732
-0.0613292
-0.214662
0.122767
0.00226414
0.259509
-0.260692
0.0839068
-0.104975
-0.316767
-0.180671
-0.01503
-0.21694
0.19639
-0.236151
-0.235323
0.141749
0.244503
-0.0774179
4.88955e-05
-0.402294
-0.26859
0.156753
-0.05771
-0.0321974
-0.167627
0.108413
-0.185192
-0.294941
0.00391004
-0.226979
-0.287564
-0.0253501
0.250336
-0.0880011
-0.129817
0.444578
-0.207554
0.08213
0.410437
-0.0513832
-0.123746
-0.0957812
0.0530691
0.189932
-0.308593
-0.091753
-0.359364
0.249613
0.0655218
0.149228
-0.258329
-0.0750893
0.0393958
0.173651
-0.0258415
0.202563
-0.229202
-0.218635
-0.158527
0.215
0.436951
0.346799
0.31814
0.293176
0.266837
-0.198902
0.0105427
0.0790465
0.214387
-0.113456
0.126064
-0.173989
-0.179224
-0.00309983
0.0709192
-0.000120524
-0.300421
0.0369401
-0.0263679
-0.234836
0.00341632
0.185545
-0.136574
-0.0367186
-0.147735
-0.0389077
-0.0217929
-0.135933
-0.26555
-0.337402
-0.0718875
-0.23098
-0.389114
-0.0129521
-0.0748522
0.0387458
0.135863
-0.08768
0.151684
-0.0526316
-0.148486
0.109149
-0.199812
-0.24105
0.099905
-0.637391
-0.15818
0.123341
-0.0458735
-0.0394795
0.172946
0.173264
-0.371763
0.129921
-0.173094
0.184283
-0.0760256
0.143858
-0.261641
-0.196738
-0.15928
0.254284
-0.511881
-0.139557
0.477673
0.190961
-0.208258
-0.178897
-0.103856
-0.365611
-0.112815
-0.274967
0.101589
0.0876657
-0.294248
0.149294
0.193945
-0.186131
-0.204184
0.0314967
0.0335358
-0.0388327
-0.245349
0.077058
0.551959
-0.229088
-0.127651
0.245597
0.483115
-0.125099
-0.269256
-0.221801
0.133272
-0.157143
-0.116441
-0.22177
-0.106462
0.075952
0.010961
-0.54877
0.448269
-0.236051
-0.0882103
-0.253613
-0.269584
-0.35455
0.104807
-0.255797
-0.197257
0.150875
-0.315765
-0.456065
-0.142009
0.140943
-0.20242
-0.0965559
-0.165238
0.223248
-0.0438503
0.119707
0.256653
0.00810003
-0.198858
0.116661
-0.147251
-0.0601452
-0.189752
-0.0164883
-0.0341341
-0.0240934
-0.342981
-0.14989
-0.203565
0.0670459
-0.0619402
-0.374784
0.147073
0.0401313
-0.57501
-0.0502491
-0.120014
-0.045337
0.192791
-0.0500272
-0.183153
0.0540217
-0.189011
-0.255626
0.220558
0.125519
-0.343094
-0.538279
0.0788914
-0.0526316
0.047398
-0.201541
-0.218069
-0.642546
-0.230074
0.109908
0.13709
-0.303458
-0.500688
0.302245
-0.43714
-0.310945
-0.106158
-0.0265047
-0.193899
-0.0397668
-0.163895
-0.17679
-0.253503
-0.23356
0.0322259
-0.0999453
-0.213553
-0.132637
-0.174118
0.379515
0.196703
0.165782
0.345388
-0.257849
0.315218
0.027072
0.192936
-0.367697
0.154036
-0.0615038
0.413244
-0.165756
-0.0536107
-0.440328
0.0926866
-0.0734766
-0.25703
-0.142195
0.122162
-0.32359
-0.289921
0.213684
0.244085
-0.0475211
0.0533593
0.285325
0.491952
-0.0480997
0.115739
0.106565
-0.16285
0.116163
-0.263799
-0.345169
0.439302
0.301007
-0.195815
0.084638
0.336236
-0.0925181
-0.239428
0.219558
-0.184961
-0.119379
-0.179712
-0.232509
-0.346418
-0.137196
0.347447
-0.220641
-0.123103
0.320126
-0.166849
-0.281276
-0.073631
-0.745453
-0.436708
-0.160537
-0.26738
0.235671
-0.189283
-0.243826
0.132471
0.0734651
-0.198045
-0.16736
-0.12317
-0.182925
-0.550026
0.261381
0.24407
0.265632
-0.0867506
-0.0343129
0.0734675
0.13613
-0.0784472
-0.0290856
-0.666504
0.277823
-0.327445
0.0380599
0.00772344
0.193164
0.408887
-0.147295
-0.190857
-0.388214
-0.108182
0.010699
0.0777781
-0.273496
0.366965
0.364692
-0.24895
-0.222343
-0.221642
-0.327389
-0.206772
0.0484705
-0.219699
0.245255
0.231014
-0.259995
-0.159874
-0.300981
0.00185723
0.164266
-0.127779
0.0426316
-0.351121
0.0129823
0.244202
-0.0958637
-0.345977
-0.26176
0.143451
-0.333977
0.103566
-0.0408236
0.245971
-0.143727
0.0613069
-0.518147
0.353495
-0.0257365
-0.210913
0.084263
-0.121729
-0.13937
-0.161381
0.0448427
0.111172
-0.385247
0.196242
0.0496836
-0.118329
0.385126
-0.0441462
-0.422132
-0.0716792
-0.10854
0.0241753
0.464993
0.048958
0.210046
-0.0755477
0.021862
0.358555
-0.0983194
-0.0507965
0.143085
-0.308227
-0.00607684
-0.0897806
-0.0296798
0.103725
0.343707
-0.0461593
-0.379563
-0.235728
-0.0370213
0.432367
-0.071136
0.39981
0.0997427
0.0733801
-0.152538
-0.0148992
-0.205692
0.0409776
0.07191
0.35467
-0.10552
-0.365704
0.127371
0.053901
0.105121
0.307669
-0.315268
0.341446
0.177633
-0.0712744
0.170614
0.183517
-0.0411359
0.234094
-0.152993
0.0062033
-0.0465157
0.149186
-0.259597
-0.220517
0.216283
0.0905778
0.0517852
0.173533
-0.0740568
-0.25902
0.0197402
0.207134
-0.208127
0.203088
0.122718
0.0377249
-0.0702109
0.203973
0.382778
0.0884936
0.0238601
0.266842
0.0750982
-0.410437
0.00849299
0.328673
0.108641
-0.321819
-0.0280912
0.298333
-0.23638
0.191239
0.434492
0.399105
-0.111616
-0.467111
-0.137343
-0.38336
0.0642325
-0.161443
0.132278
-0.20529
-0.0619057
0.365407
0.00699403
-0.271451
0.240809
-0.254283
-0.358601
-0.00480116
0.27417
-0.368874
-0.285448
-0.0888748
-0.463919
-0.0476567
-0.00052698
0.172317
-0.239855
-0.194867
0.695994
0.33813
-0.508686
-0.211727
0.0449744
-0.0963266
-0.307036
-0.326982
-0.222417
-0.0558783
-0.189267
0.0332917
-0.0610207
-0.339772
-0.127938
0.000246157
-0.188027
-0.257129
-0.116569
0.100342
-0.668726
-0.0406981
-0.168169
-0.00509436
-0.152347
0.128063
-0.0660163
-0.0629882
-0.0185763
0.246047
-0.0790136
0.279132
0.341619
-0.107435
0.0711786
-0.19747
0.269338
0.121144
-0.324032
-0.252265
-0.0423506
-0.130286
0.277102
-0.0155825
0.0966785
0.218069
-0.281583
-0.195018
0.0994198
-0.0084308
-0.179528
-0.328744
0.000652476
0.181359
-0.0934193
0.162185
-0.238771
-0.142785
-0.459545
0.323715
0.309981
0.0141231
0.168655
0.109555
0.0525684
-0.41141
-0.125957
-0.183741
-0.148573
0.0698123
-0.164851
-0.0938026
0.329854
0.0012091
0.121823
0.273937
-0.10311
-0.16194
-0.233663
-0.0234624
-0.112826
-0.148859
-0.0728418
-0.35546
0.00679445
-0.470345
0.035151
-0.626286
-0.17955
-0.0103584
-0.19776
0.0587163
-0.338483
0.0906446
0.335107
0.0703168
-0.0635979
-0.373865
0.113095
-0.166619
0.303865
0.266869
-0.136952
0.191881
-0.23918
-0.247191
0.0794938
0.0928844
-0.352736
-0.335674
-0.227253
-0.234713
-0.00546043
-0.207727
0.00589298
-0.0470013
0.397818
0.132284
-0.597249
-0.21456
-0.277455
-0.0428505
0.041437
-0.248147
-0.0147959
-0.0940021
-0.15321
-0.551411
-0.274403
-0.147246
-0.0726954
-0.0917007
0.115824
0.121604
-0.0680569
-0.0284834
-0.19977
0.261877
-0.117132
-0.278347
0.017004
-0.400372
0.0228168
-0.0966038
-0.0260191
-0.173606
0.268079
-0.132928
0.154699
-0.0552305
0.242709
-0.436171
-0.0552914
0.387309
-0.214382
-0.142681
-0.116076
-0.131292
0.010182
0.180692
-0.2359
-0.255654
-0.154561
0.10228
0.211225
0.0216765
-0.293607
-0.175004
0.261267
0.268491
-0.0476746
-0.000791025
0.290255
0.0849161
-0.0613292
-0.527337
-0.00239564
-0.0836465
-0.00138023
0.12135
-0.147232
-0.10049
0.196824
-0.0798393
-0.0752544
-0.35956
0.0788048
0.186006
-0.325119
0.145388
-0.0853274
0.0315207
0.324709
-0.433805
-0.132376
0.14281
0.0557754
0.137073
0.353921
-0.376215
0.0385968
0.0547991
-0.346884
0.132233
0.0106574
-0.144272
0.047
0.218604
0.0852422
-0.106935
-0.108859
-0.108177
-0.128183
0.000880807
0.281332
0.0685616
-0.247018
-0.553461
-0.110518
0.0104294
-0.0283212
-0.0712964
0.317726
0.0722875
-0.301098
-0.17458
-0.309354
-0.0961052
0.212578
-0.163836
0.0536805
0.0839929
-0.345803
-0.208419
-0.010915
0.439696
0.181997
-0.5621
0.127146
0.0841343
0.257899
-0.054295
-0.0812842
0.13953
0.128319
-0.265864
0.207463
0.0840275
0.10011
-0.168125
0.298728
0.178517
0.0661641
-0.127548
-0.0393722
-0.236552
-0.0548112
0.244388
0.0146629
-0.232947
-0.130315
-0.181426
-0.0143035
0.135248
0.10262
0.395754
0.115805
0.271847
0.112483
-0.429233
0.0496535
-0.10348
-0.490162
-0.132278
0.100076
0.111661
-0.154323
0.211246
-0.110262
0.015576
0.554787
-0.0895123
0.111541
0.488906
0.112611
0.30867
0.0727176
0.150493
-0.39431
-0.162679
-0.0732783
-0.0812022
0.186359
0.047509
-0.215336
-0.286799
-0.0150059
-0.1299
0.338535
0.347375
0.197546
-0.139702
0.0331647
-0.572851
-0.238921
-0.364574
0.0589185
0.0512161
0.268566
0.175607
-0.333673
-0.584047
-0.192239
-0.0831282
0.207471
-0.613595
-0.423953
0.0949476
-0.12894
0.0817738
-0.27953
-0.293365
0.0700198
-0.0139104
-0.038526
0.323825
-0.108095
-0.0114964
-0.233192
0.227195
-0.210768
-0.0704358
0.218195
-0.365186
0.182364
-0.0147722
0.177857
0.0580799
-0.0412646
-0.340204
-0.0829113
-0.346415
-0.0399535
0.110018
-0.18457
0.0114639
-0.197232
-0.114051
0.0480748
-0.22884
-0.17748
0.012497
-0.383216
0.100315
-0.0546644
0.093608
-0.18366
0.142943
-0.0287236
-0.243927
0.00118331
-0.0456003
-0.160836
0.203092
-0.202613
0.366462
-0.106686
-0.0338751
-0.110946
0.121165
-0.00227762
-0.500081
0.0469588
-0.332373
-0.485992
-0.124675
-0.353353
0.0209739
0.168593
0.160924
-0.0843321
-0.564113
0.24281
0.0139103
0.313567
-0.302833
-0.223325
-0.0417641
0.00123392
-0.301879
-0.0239907
0.465373
0.0732737
-0.168062
-0.160329
0.262059
-0.248232
0.277422
0.250347
-0.187704
-0.107639
0.0966693
0.511724
0.00870839
0.823745
0.0426537
0.200899
-0.306135
-0.0113928
0.140226
-0.0683932
-0.0279446
0.304232
0.0613292
-0.103635
0.269485
-0.14166
0.208349
-0.33834
0.0357536
-0.200769
0.0900399
-0.122379
-0.0955741
-0.194051
0.321829
0.135618
0.206477
-0.0197268
-0.0420978
0.134516
0.154986
0.245365
-0.0168037
0.0101558
0.455049
-0.0343956
0.10752
0.135434
-0.417485
0.335601
0.0331468
0.372167
0.041116
-0.0683716
-0.278477
-0.487731
0.254498
-0.248695
-0.0810702
0.0616077
-0.877752
-0.405501
0.215726
0.184712
0.268589
-0.532091
-0.354366
0.100541
0.00227111
0.280199
-0.297064
-0.069076
-0.457886
0.253325
0.117092
-0.366829
-0.50029
0.0441194
-0.218867
0.035504
-0.147563
-0.249162
-0.162347
0.327828
-0.457912
-0.110512
-0.688781
-0.564914
-0.58014
-0.173416
0.222643
0.02021
-0.0482866
0.0832575
0.348121
0.261714
0.0939969
0.10117
-0.043638
0.73242
-0.449854
-0.217448
-0.111783
0.224586
-0.0387332
-0.298397
0.0335338
-0.102938
0.0221001
-0.199579
-0.0330051
0.102806
0.126503
-0.200913
0.385583
0.16772
-0.0209265
0.0599836
-0.605788
0.308614
0.065473
-0.0765727
-0.224853
0.0740087
0.168799
-0.0722523
-0.0961519
0.00685885
0.360712
0.0261759
0.447922
-0.175822
-0.157113
-0.0716052
-0.219661
0.0836318
0.0170967
-0.0537942
0.189149
-0.31507
0.163681
-0.217719
0.315165
0.0397718
-0.260898
0.251072
-0.134587
0.0597093
-0.455937
0.829277
-0.0562093
-0.176766
0.18751
0.306108
-0.0537469
-0.284801
-0.071991
-0.410437
-0.587589
-0.00652273
-0.15627
0.369745
0.20212
-0.374244
0.0752153
-0.0118179
-0.138976
0.0697475
0.151399
0.144337
0.187661
0.0233121
0.077884
-0.359545
-0.150605
-0.325477
-0.193406
-0.38977
0.0409002
-0.0864685
0.0959242
0.149941
0.265054
-0.272333
0.210764
-0.401275
-0.0985152
-0.289883
0.14724
0.0648667
0.145609
-0.289466
-0.384607
-0.346257
-0.143825
0.22364
0.276913
-0.132208
-0.544817
0.247128
-0.0904129
0.19224
0.0998836
-0.4951
-0.0196767
0.0532402
-0.295801
-0.053696
0.0323025
-0.25619
-0.382918
0.112061
-0.047561
0.0368157
-0.0347266
0.0462658
0.204369
-0.320877
-0.0993232
-0.124042
0.455893
-0.189869
-0.192767
-0.0923459
-0.232792
-0.0745245
-0.189273
-0.0674906
0.384281
-0.239291
-0.157634
0.13226
-0.310833
0.0149859
-0.0958144
0.153463
-0.0275898
-0.182879
0.217773
0.233829
0.436202
0.193197
-0.0630785
0.0206848
0.0597385
0.029797
-0.111146
-0.0592932
-0.332789
0.0608354
-0.0897081
-0.462746
-0.719623
0.0240459
-0.389151
0.203076
0.134075
0.138563
-0.0174942
-0.0720049
-0.189898
-0.464629
-0.119959
0.387685
0.13144
-0.140733
0.0634485
-0.327156
0.32353
-0.15869
0.0251971
0.124736
0.171159
-0.093319
0.0909
0.371771
0.195209
0.0685995
0.052743
-0.00227903
0.00409955
-0.0296919
-0.414266
-0.152452
-0.00906321
-0.0882079
0.291144
0.0689084
-0.0305561
-0.642546
-0.178272
0.396179
-0.0121614
0.0292397
-0.0111932
0.342014
0.0823988
0.0491877
-0.0961897
-0.179736
0.0776095
0.0637197
0.187284
-0.374691
-0.178024
0.143172
-0.351352
-0.0378569
0.411089
0.0478826
0.258731
0.198308
0.120974
-0.142846
-0.0926455
-0.109212
0.105732
-0.0427526
-0.0755949
0.0397847
0.311853
0.074473
0.0998585
-0.229897
-0.118254
-0.145574
0.17998
-0.0721188
-0.16385
0.0444536
-0.140336
-0.14147
-0.0929603
-0.31325
0.0788832
-0.201146
-0.19083
0.0526316
0.0679651
0.186759
-0.16414
0.231519
-0.159686
0.224918
-0.0363875
-0.189434
-0.186858
-0.626537
0.359392
-0.0573013
-0.0117434
-0.148493
0.0687123
-0.119199
-0.155433
-0.0997686
0.204447
-0.157836
-0.223969
0.0183661
-0.172399
0.0828214
-0.0245296
-0.151728
0.279759
0.183156
-0.224214
-0.158478
0.159109
-0.302821
-0.110031
-0.082256
0.00635314
0.140106
-0.207585
0.0627124
0.0298507
0.0369509
-0.183225
-0.292033
-0.3003
0.179787
-0.107882
0.202236
-0.332067
-0.0761393
0.237972
-0.142771
-0.0594378
-0.505269
-0.378597
0.0961092
-0.130898
-0.277762
0.0491815
0.186696
-0.0702469
-0.0519605
-0.14984
-0.272532
0.133158
0.134606
0.33417
0.0255976
0.216437
0.376782
-0.427758
-0.219021
-0.0729111
-0.119125
-0.304862
0.431944
-0.640179
0.12785
-0.376319
-0.292639
0.448969
-0.133259
0.110244
-0.0125843
-0.0179025
0.243554
0.0851287
-0.0283019
0.150376
0.189153
-0.207429
0.155765
-0.212657
0.260669
0.266605
0.544011
-0.065913
0.299405
0.116388
-0.0703005
0.113469
0.110212
-0.304125
-0.0525158
-0.0491505
0.05126
-0.156033
0.295934
-0.236017
-0.144314
-0.0470326
-0.0188042
0.0929432
0.307139
0.0465898
-0.0544552
0.813868
0.0141616
-0.146172
0.317887
-0.0303377
-0.0174411
0.454124
0.101686
0.219701
-0.299239
0.142565
-0.731401
0.136035
-0.000812237
-0.261316
-0.0902724
-0.10375
-0.164744
-0.410519
0.156245
0.11888
-0.20205
-0.141873
0.17984
-0.0235648
0.125655
0.153425
-0.116954
-0.166425
-0.221211
-0.191921
-0.0663197
0.129328
0.0800015
0.0108258
-0.405192
0.151861
0.183056
-0.290338
-0.0476183
0.24394
-0.173808
-0.232992
-0.157131
0.591267
0.244754
-0.0526316
-0.208225
0.117912
0.136756
0.00543581
-0.440655
-0.342984
0.0356438
-0.131428
0.209294
0.0110074
0.321319
0.0278147
-0.271358
0.0374884
-0.276022
-0.110904
0.109189
-0.639955
0.255116
0.145751
-0.136984
-0.0489498
-0.246993
-0.488242
0.251427
-0.579742
0.0546682
0.241384
0.0568276
-0.251531
-0.256544
-0.175806
-0.525549
0.225136
0.00952162
0.0558336
0.13697
0.0833492
-0.100011
0.199864
-0.147168
-0.0526316
0.0782769
0.255872
0.29326
-0.451817
-0.104581
-0.330534
-0.480097
0.313355
0.0113092
-0.416858
0.147112
-0.247448
0.405784
-0.0508921
0.0529329
-0.090183
-0.268019
-0.256259
0.0312651
-0.261726
-0.476981
-0.135009
-0.292309
-0.161385
-0.269146
-0.149666
0.21723
0.112592
0.107033
0.073179
-0.208148
0.117508
-0.16478
0.0689602
-0.326007
-0.150483
-0.0855697
0.164403
-0.132849
0.241649
0.00251685
-0.330939
-0.104825
0.272111
0.308688
-0.129194
0.293831
-0.0121219
0.215262
0.00581764
-0.102841
0.167569
-0.242063
0.178845
-0.414875
0.117865
-0.253131
0.136034
-0.101269
0.151747
0.0865434
-0.0042123
-0.250299
-0.208566
0.132636
0.315447
0.0271531
0.00866075
0.0677276
0.0273887
0.257631
0.0908151
-0.185032
0.0820781
-0.221905
-0.2732
-0.046919
0.117067
0.280048
-0.248897
-0.224876
-0.322448
-0.186647
-0.290737
-0.267917
-0.301845
-0.090093
0.280664
-0.304535
0.334156
-0.612744
0.500688
-0.202013
-0.251296
-0.395507
-0.138837
-0.432188
-0.535811
-0.347552
-0.118665
0.179233
-0.0434745
-0.069179
-0.137693
-0.347209
-0.0536087
0.0343386
-0.37
0.0712402
-0.659948
-0.156669
0.150462
-0.0612564
-0.103813
-0.0667826
-0.113538
0.104096
0.11784
-0.0228215
0.163359
-0.0291514
0.0416643
0.0526316
0.192308
-0.0399825
0.407536
-0.137326
-0.0985064
-0.191017
0.0601477
-0.31061
0.251856
0.122652
-0.0454497
-0.0110393
-0.218908
-0.147719
0.0975668
-0.193252
-0.173949
-0.0401374
0.0149398
-0.435595
0.349588
-0.366288
-0.0585728
-0.331598
-0.210425
0.258012
-0.228401
0.369786
-0.152081
-0.133324
-0.313548
-0.260789
0.109092
0.252296
0.0648068
0.203892
0.0817707
-0.413456
-0.0945344
0.16927
0.000899853
-0.690054
0.167698
-0.150727
0.160052
0.32896
0.0613292
-0.139565
0.227458
0.0443264
-0.196013
0.293526
0.155492
-0.498599
0.00810367
-0.197159
0.147844
0.184523
0.0775209
-0.177436
0.0550267
-0.139712
0.0189798
0.291671
-0.180263
-0.113827
-0.26865
0.200015
0.080284
-0.241742
-0.273291
-0.0234399
0.224428
0.2758
-0.157768
-0.244422
-0.0439185
-0.0424234
-0.630004
0.266272
0.242276
-0.193587
-0.0179063
0.0280931
-0.166025
0.196607
-0.210397
-0.020218
0.0801239
0.127553
-0.00739008
0.00405881
0.419614
-0.384217
-0.08207
-0.241444
-0.364585
0.108896
-0.238108
-0.171531
0.320761
0.331342
-0.352667
0.262929
-0.117766
0.064657
0.00567596
0.322013
-0.0393745
-0.26316
-0.0670959
0.225439
-0.145249
-0.146577
-0.106244
0.343002
0.00896793
-0.322185
0.326038
-0.563287
-0.180021
0.0267808
0.464095
0.0611151
0.156452
0.423194
-0.171332
0.0412387
0.303347
0.499401
-0.0550227
-0.108776
-0.156653
-0.264283
-0.0123343
0.00511317
0.00323826
-0.238538
0.005914
0.0841249
-0.262621
0.178192
-0.122803
-0.372124
0.0429235
-0.0899398
-0.318885
-0.172221
-0.172437
-0.260342
-0.487243
-0.455353
0.236716
0.487272
0.0965814
-0.446471
-0.362444
-0.235815
-0.214029
-0.240911
0.124594
-0.6664
0.0366001
0.273787
-0.143198
-0.337417
-0.304057
0.0678172
0.101467
-0.317939
0.0169805
0.0395924
-0.0347677
-0.433815
-0.0437584
-0.159789
-0.213572
0.0133508
-0.427923
-0.0672666
-0.052647
-0.347413
-0.190596
0.237257
0.311494
-0.10464
-0.19582
0.059346
-0.161795
-0.112056
-0.130759
-0.169585
-0.2056
-0.125906
-0.303722
-0.0920544
0.345572
0.0193723
-0.151238
-0.173045
-0.189668
-0.520885
0.0658531
0.209843
0.298589
-0.0606206
-0.704704
0.185875
0.14778
0.0265568
0.18447
0.164698
0.0379677
0.00763179
-0.232183
-0.086646
-0.100981
-0.0506375
0.278292
0.0859951
-0.195304
0.044153
-0.195256
0.0396681
0.231696
0.00174274
0.26147
-0.114766
0.0550361
0.174041
-0.45363
-0.122495
0.180898
0.2921
-0.441212
-0.124962
0.275691
-0.21488
0.208246
0.134641
-0.311086
0.19398
0.332821
0.0890483
-0.162114
-0.170118
-0.134368
-0.107097
-0.277767
0.0574524
0.118035
-0.165079
0.16106
0.332805
0.0831809
0.0323423
-0.25828
-0.026889
-0.0378396
0.0116298
0.223691
-0.713743
0.00593694
0.348773
-0.128807
-0.352969
-0.0408525
-0.284307
0.0680172
0.265712
-0.0943106
0.136407
-0.217302
-0.0102069
0.0142434
0.0465517
-0.0398709
0.182487
0.205095
0.0843219
-0.013007
-0.0450279
-0.0565589
0.0309422
0.368096
-0.104377
0.120247
0.230398
0.0283974
-0.610277
-0.0507929
-0.333695
-0.17136
0.286089
0.0282549
0.339621
0.0949034
0.130633
-0.187541
-0.0452716
-0.16781
0.224213
0.05622
0.0496417
-0.616429
-0.0767384
-0.207475
-0.161628
0.119254
-0.203919
-0.271098
-0.0617789
0.102419
-0.0256798
0.272493
0.213078
0.199791
0.220766
-0.0912967
0.214438
-0.0316261
0.0447533
-0.0975361
-0.01658
0.196024
0.217306
-0.607783
-0.061815
-0.0924565
-0.172035
0.172936
-0.0684001
-0.0742623
0.174196
0.0235955
-0.0274872
0.0204932
0.254037
0.0578577
0.0219841
-0.412375
0.214565
0.0836896
-0.0170806
-0.0920075
0.0119487
0.210159
-0.0463152
-0.167951
-0.145849
-0.0837645
-0.270901
-0.160159
0.180135
-0.0396086
0.549823
0.0321741
0.20492
-0.100577
-0.223386
-0.388401
-0.0842904
0.362122
-0.190285
0.248528
-0.0774288
-0.642546
0.065513
0.173806
0.347395
-0.0874617
-0.318602
-0.0691142
-0.259881
-0.00457371
-0.409205
0.295992
-0.184147
-0.0970083
0.0123093
0.221175
0.388936
0.0910008
-0.107634
-0.410437
0.251446
-0.0412317
0.0468392
-0.180242
0.0641006
-0.265248
0.161044
0.325254
-0.062822
0.0881138
-0.41356
-0.181528
-0.133489
0.172157
-0.616322
-0.259722
-0.215769
-0.0867127
-0.31774
-0.135226
0.243168
0.132668
-0.282029
0.00157267
0.185257
-0.158375
-0.0654776
0.289936
0.0515628
-0.3111
-0.0705559
0.115786
0.0508912
-0.0273509
-0.423254
-0.195262
0.025042
0.0667319
-0.345672
-0.181042
0.0407524
-0.0366663
-0.502323
0.41554
-0.153156
-0.135136
-0.100536
-0.913686
-0.162495
0.144122
-0.168866
0.281418
0.0185932
-0.385971
0.263254
-0.239272
0.044164
-0.0796948
-0.315419
-0.34372
-0.0647469
-0.116337
-0.327607
-0.617063
0.121305
-0.0982533
-0.059973
-0.101602
-0.0517502
-0.149369
-0.227942
0.100474
-0.158782
-0.0230089
0.126157
-0.169557
0.239959
-0.266579
-0.438065
-0.12888
0.105626
-0.160765
-0.0134098
-0.384386
-0.0117489
-0.110317
0.104385
-0.27274
0.0313024
-0.348447
-0.125706
0.384882
0.500688
0.0371238
-0.322498
-0.173401
-0.080302
-0.237112
-0.284783
0.0432117
-0.169183
0.14868
-0.188519
-0.123885
-0.15186
-0.118745
0.0918295
0.0490686
-0.0620621
-0.0486536
0.136191
-0.276254
-0.299001
-0.314145
-0.250395
0.0426934
-0.136666
0.147854
-0.021339
-0.381571
-0.392027
0.0701303
-0.324855
-0.302222
-0.351984
0.163969
-0.530887
0.235298
0.135884
0.209728
0.455208
-0.00271213
-0.0862925
-0.254683
-0.223146
0.0813793
-0.39152
-0.423349
0.17844
0.286018
-0.210953
-0.165188
-0.651011
0.381309
0.332171
-0.072355
0.1721
-0.00991927
0.250569
-0.365066
-0.291304
0.296836
-0.201447
0.253648
0.38268
-0.241318
0.0568132
0.205605
-0.0332189
-0.2413
-0.0343334
0.146099
-0.374373
0.29503
-0.118842
-0.234421
-0.280258
-0.236064
-0.273246
-0.0241728
0.34489
0.0422452
-0.361977
0.0262479
0.0849714
0.199201
-0.0561393
-0.0611984
0.0214295
-0.190222
-0.252688
-0.182855
-0.00964368
-0.13782
-0.0249036
0.281314
-0.495267
-0.179615
-0.257582
0.00899445
-0.0929225
0.225453
-0.0207689
0.149142
-0.139871
0.0445455
-0.033668
0.0955977
-0.0400166
0.162818
-0.0440891
-0.135905
0.0393861
-0.605815
-0.0466166
0.0225929
0.147132
-0.427205
0.219421
0.00543257
-0.05957
-0.0612857
-0.0524119
-0.0209949
0.302983
0.286761
0.280886
0.247582
0.199517
0.12388
0.032577
0.277087
0.122966
0.0809638
0.0401271
-0.332828
0.107356
-0.0221376
0.0596022
0.151232
-0.410437
-0.358174
0.00962855
0.295166
-0.213086
-0.0723143
0.313417
0.0291585
-0.252771
-0.408713
-0.163354
0.203849
-0.00287418
0.0439523
-0.226251
-0.134712
-0.236997
0.00489664
0.369964
-0.273947
-0.165082
0.261281
-0.143113
0.0768817
0.538982
0.138981
-0.269894
0.170227
0.0359721
0.001083
-0.142263
0.161031
0.00485105
-0.117073
-0.103732
-0.187209
0.173064
-0.359586
0.284222
-0.0927499
-0.118377
-0.204118
0.388382
-0.0351271
-0.206256
-0.100694
-0.550241
0.0777886
-0.0510329
0.276362
0.0761587
0.310037
0.0330273
0.0122223
-0.153731
-0.183045
0.0654649
-0.175577
-0.242956
0.018588
-0.0407222
-0.241512
-0.533077
0.127629
-0.0208885
0.026155
-0.231739
-0.306589
-0.00789048
-0.0971264
-0.421479
-0.00359441
0.0878848
0.0431813
0.129124
0.176395
-0.469459
0.162639
-0.0611142
-0.132827
0.10504
0.35168
-0.557519
-0.213824
-0.407635
0.0772855
0.199969
-0.400429
-0.0242532
0.225422
-0.215744
0.143036
-0.0242751
-0.466039
0.405794
0.183638
-0.333944
-0.287281
0.0438325
0.134446
-0.352793
-0.304201
-0.0812988
-0.152106
0.273017
0.0568741
-0.551959
0.171777
0.277609
0.0424428
-0.0998629
-0.301625
-0.223864
-0.147097
0.2336
0.116839
0.362578
-0.067825
0.0882108
0.0859419
0.277663
0.316114
-0.278638
-0.150377
0.242628
-0.221147
-0.0408192
0.0289155
0.328384
-0.00831524
-0.1523
0.168387
-0.414822
-0.0985538
-0.857525
0.0156368
-0.0936309
0.193621
0.476205
0.204397
-0.148832
0.100987
0.0442965
0.491295
-0.0756548
0.154255
-0.273235
0.135674
0.375918
-0.34445
-0.00323599
-0.26287
-0.155855
0.0723819
0.164092
-0.139134
-0.232031
-0.0907137
-0.185439
-0.311013
0.289481
-0.108307
0.24605
-0.633952
-0.00104674
0.164617
-0.187723
-0.284713
-0.188947
0.205422
-0.080533
-0.121001
-0.113002
-0.629233
-0.171508
0.321893
0.199405
-0.0278726
0.0769902
0.131903
0.00715099
-0.35724
-0.262579
0.204396
-0.0935932
-0.331925
0.245885
-0.157667
-0.192798
-0.848671
-0.220572
0.0545661
-0.0567676
0.224484
-0.207464
0.0454597
-0.314131
-0.0809614
0.19908
0.133164
-0.178942
0.344977
0.327469
0.165386
0.0361114
-0.20234
-0.216706
-0.0942199
0.0976909
-0.287732
-0.486964
-0.111871
0.340095
-0.130167
-0.135486
0.0059397
0.163424
-0.433397
-0.240638
0.349982
-0.265574
-0.658833
-0.115328
-0.246458
0.27566
-0.0117327
-0.0180931
-0.272434
-0.0569994
-0.254191
0.158794
-0.510912
-0.108395
-0.365664
0.437516
-0.329004
-0.168901
-0.245943
-0.1872
0.0791585
0.140689
-0.0118278
0.0302983
-0.113925
0.381889
0.0543183
0.313323
-0.380295
-0.0751658
0.0686975
0.113846
0.174749
-0.357239
0.271734
-0.208312
-0.593086
-0.116152
-0.0212557
0.160456
-0.368981
0.190458
-0.0301859
0.272071
-0.0113514
0.0353757
0.0515368
-0.210785
-0.13217
0.0786681
0.175086
0.125904
-0.217014
-0.13741
-0.0191246
0.0961542
-0.211458
-0.014105
0.0415031
0.538524
0.113273
-0.26803
0.127037
-0.0869304
0.181288
0.0902584
0.0239307
0.252422
0.101892
-0.0680866
0.0755696
-0.26745
0.109248
-0.109315
-0.0835275
0.0478097
-0.075754
-0.0573031
0.12341
0.244834
-0.0241061
0.112319
-0.330428
-0.642546
-0.0770015
0.0848148
-0.0730384
-0.411903
-0.18357
-0.331662
0.106241
-0.381549
0.263713
-0.278498
0.109958
-0.276882
-0.257561
0.0194158
-0.1865
-0.382029
-0.527287
-0.0879349
0.107452
-0.0689726
0.0775633
0.145236
0.180327
0.0687975
0.259826
0.218285
0.157642
0.143389
-0.0124239
0.334195
-0.0760245
0.334947
-0.424988
-0.38072
-0.209393
0.14186
-0.168449
0.0991433
0.890675
-0.119068
0.239536
-0.233
-0.0342001
-0.143242
0.180355
-0.113683
0.233005
-0.218427
0.0530002
-0.33421
0.0606176
-0.149155
0.00243395
-0.0578727
-0.382634
0.335988
-0.079063
0.00731003
-0.0767356
-0.258785
-0.133646
0.0419706
0.0123436
-0.243054
0.0902409
-0.0938537
0.407358
0.275489
0.0864527
0.35681
0.125285
-0.176106
0.238618
0.187216
0.0199114
-0.390382
0.0335694
0.0920298
-0.440976
-0.174528
-0.20712
0.15001
0.154279
-0.25851
-0.0895026
-0.151716
0.0318352
0.093962
0.178718
0.0513056
0.019899
-0.547081
0.139089
-0.55808
-0.36329
0.0774316
-0.289521
0.0278075
-0.0628923
0.153651
0.0829356
-0.0880854
-0.200132
-0.243113
0.270472
0.23281
0.0515809
-0.168889
-0.0585692
0.111069
-0.0754197
0.113938
0.0965123
-0.257559
0.0820445
0.0196482
0.0706491
-0.00859224
0.0122267
-0.0660408
-0.112805
0.169001
-0.304238
-0.0376382
0.0883054
0.0319199
-0.2287
0.439974
-0.265015
0.124494
-0.394345
-0.162385
-0.272563
-0.745182
0.105627
-0.460644
0.188703
0.187611
0.244782
-0.0579102
-0.149881
0.317414
-0.173484
-0.746112
-0.182554
0.125477
-0.129514
0.0309605
-0.186227
-0.376034
0.0512671
-0.459074
0.13326
-0.0462994
-0.402291
0.469896
-0.0421
0.0562534
0.107789
-0.150026
-0.02504
0.31549
-0.161941
-0.28089
-0.0312548
-0.0519492
-0.037745
0.21214
-0.0875093
0.25592
0.0802878
-0.237142
-0.0781768
-0.262036
0.0112987
-0.106473
-0.147372
-0.381237
0.200646
-0.103979
-0.356613
0.257529
-0.245401
0.356121
0.230317
0.268912
0.152266
0.0529977
-0.339228
-0.0350111
0.0647724
0.00861048
-0.148183
-0.291617
-0.412174
-0.311165
0.157243
-0.20033
0.309242
0.346346
0.445549
-0.368128
-0.242932
-0.118617
-0.137563
-0.111132
-0.0866293
-0.15874
-0.216565
0.271323
-0.285788
0.34362
-0.22803
-0.158309
0.0672386
0.485665
-0.00558199
-0.251642
0.163601
0.375981
-0.117404
-0.0810352
-0.405028
-0.10251
-0.029925
-0.444005
0.274984
0.156387
-0.201287
-0.0576258
-0.0336832
0.0768457
0.312607
0.0433824
-0.211665
0.193303
-0.220953
0.360582
-0.229477
0.485504
0.124615
0.147494
0.126283
-0.269935
0.0672342
0.160603
0.171706
0.466695
-0.211672
-0.374801
0.0108783
-0.00747353
0.549486
0.288046
-0.294447
-0.244349
-0.165445
0.38888
0.0143277
0.110351
-0.201948
-0.263731
-0.340491
0.275882
-0.6335
-0.186692
0.40984
-0.0274134
-0.137564
0.0819156
0.0386758
-0.242993
-0.101096
-0.201006
-0.1173
0.232113
0.334317
0.155729
0.123113
-0.423385
-0.102697
-0.437946
0.0401453
-0.0114713
-0.222474
0.0790478
-0.344638
-0.176892
-0.3195
-0.0270156
-0.460965
-0.0254183
-0.0823515
-0.158749
0.00949314
0.261866
-0.341641
0.152824
-0.228089
-0.0882901
0.433769
-0.274414
-0.340462
-0.162154
-0.00332594
0.318642
-0.380435
-0.0453782
-0.103182
-0.0196354
-0.193407
0.226127
0.116125
-0.223704
-0.307443
0.0120391
-0.314475
-0.629879
-0.326678
0.296316
-0.220521
0.208546
-0.311615
0.0485789
-0.337549
0.0846609
0.0526316
0.0210935
-0.274143
-0.253298
-0.195435
-0.254324
0.0729016
-0.00751702
-0.111404
0.122232
-0.110935
-0.349145
-0.253819
-0.0814147
-0.0562962
0.119489
-0.260595
-0.144351
-0.149325
-0.030647
-0.049577
-0.266227
0.0320778
-0.175237
-0.0857423
0.0431684
-0.124428
-0.284534
0.249906
0.18616
-0.102688
-0.105754
0.0770293
-0.22731
-0.175687
-0.0257666
0.138836
-0.322729
-0.27016
0.179444
0.0370241
0.271408
-0.0442232
-0.0684235
-0.130856
-0.000591042
-0.0427709
0.255198
0.0584806
0.00541008
-0.0298922
0.20507
-0.392151
-0.421167
-0.405276
0.163716
-0.0282396
0.147564
-0.213096
-0.107868
-0.185196
0.34024
0.0657665
-0.287487
0.119777
0.0921996
0.16786
0.161376
-0.124204
0.0713956
-0.210273
-0.0766732
0.428083
-0.354503
-0.184879
0.152712
0.140125
0.156089
-0.196434
-0.0466407
0.212998
0.0570243
-0.419599
-0.160999
-0.0711318
0.0138112
0.325265
0.0546409
0.133109
0.0196552
-0.0359758
-0.16417
-0.262656
0.333368
0.191657
0.0149748
0.0329092
0.176933
0.0372666
-0.116491
-0.0185947
0.308176
0.205443
-0.412816
0.419429
-0.114364
-0.0921349
0.270347
-0.1682
-0.0478627
0.0642095
0.230413
-0.000246381
-0.215711
0.00601018
-0.0181596
-0.59577
-0.153749
0.0713381
-0.334124
0.143562
-0.00521012
0.0182433
-0.072108
-0.175166
-0.00540492
-0.0645172
-0.143085
0.22882
-0.0510191
-0.131823
-0.0191587
-0.0425263
-0.254829
-0.384269
0.111084
-0.288557
0.142255
-0.103681
-0.00796458
-0.171516
0.053231
0.0820587
-0.194347
0.361101
0.2264
-0.636226
-0.186564
-0.141507
-0.375594
0.142517
0.125911
-0.211613
-0.564866
0.0913534
0.089735
0.155023
-0.164252
0.373822
-0.0422635
0.164935
0.0293586
0.108353
0.231174
0.495879
0.0256399
-0.0137112
0.393318
-0.153656
-0.39586
0.180513
-0.310251
0.103424
-0.126636
0.167979
0.155875
0.411644
-0.154818
-0.266544
-0.113663
-0.203218
-0.214504
0.212751
-0.00129765
0.118674
-0.00940372
-0.255128
-0.0553912
0.236366
0.310915
-0.190182
-0.276103
-0.166461
-0.368478
-0.276435
0.25394
-0.15618
-0.177928
-0.0868577
0.0830342
-0.0308672
0.275637
-0.324424
-0.12312
-0.010423
0.167739
0.129925
-0.317706
0.0158915
-0.0201862
-0.5706
0.0198498
0.205055
0.0920342
-0.325671
-0.0365923
-0.179615
-0.0218074
-0.0588732
-0.301415
-0.586497
0.250708
-0.0585478
-0.100935
-0.229031
-0.271319
-0.158136
0.0728268
0.00115924
0.0339499
-0.334594
-0.140867
-0.413131
0.186495
0.0644478
-0.173834
0.075066
-0.159531
-0.276438
-0.198722
-0.196611
-0.0562301
0.113594
-0.0595893
-0.0301572
-0.136841
-0.00586349
0.0687316
0.384475
0.0689047
-0.410437
-0.265651
0.052926
0.0519138
0.105552
-0.0467172
0.0468918
0.0241411
0.0496441
-0.391405
0.612677
0.243619
-0.105762
0.228228
-0.372104
0.121443
0.1449
-0.276063
0.063408
-0.138685
0.324553
-0.118531
-0.231852
-0.0508908
-0.135895
-0.00919533
0.0683994
-0.281573
0.411207
0.229508
-0.0498438
-0.338311
-0.042323
0.310118
-0.0958709
0.0106971
0.261055
0.239443
-0.154291
-0.252942
-0.367979
0.226953
0.305859
-0.0519103
0.0172051
-0.246067
0.168632
0.277315
-0.0526316
-0.338682
-0.0656534
-0.37178
-0.0228479
-0.247219
-0.210871
-0.326289
-0.116063
-0.234833
-0.101463
0.361535
-0.0299184
-0.247025
0.200124
0.0996568
-0.228676
0.0325128
-0.3974
0.0680948
-0.183131
-0.300963
-0.0962616
0.267618
-0.450526
0.178504
-0.246824
0.017048
-0.0187828
0.128575
-0.178867
0.264187
-0.0329546
-0.37087
-0.70063
-0.274969
0.33875
-0.137181
0.357595
0.0528392
-0.037327
-0.206152
0.18341
-0.346911
0.115053
0.42652
0.126074
0.0502029
0.157738
0.219156
0.24891
0.109554
-0.16422
0.211919
0.17606
-0.281924
0.283962
-0.290078
-0.336704
-0.653913
0.119308
-0.473448
-0.243401
-0.209159
0.0314542
0.175019
0.11958
0.00615434
-0.0700475
-0.0489783
-0.373198
-0.184623
0.11008
-0.114389
0.0630639
-0.249489
-0.135936
-0.329009
-0.164904
-0.0306491
0.0728893
-0.00419915
0.118203
-0.0828192
0.210576
-0.0256914
-0.0932352
0.0102078
0.247453
0.192302
0.121925
0.541728
0.149614
0.320998
0.0726342
-0.44818
0.206773
-0.34614
-0.245732
-0.192872
-0.308445
0.114186
0.151918
0.050234
-0.486119
-0.386812
-0.196001
0.222153
0.18999
-0.011994
-0.54861
0.605593
-0.263818
-0.347155
-0.364669
-0.0881269
0.112875
0.00518819
0.176888
0.454739
0.0431372
-0.18195
-0.273082
-0.10993
-0.196777
-0.0303566
0.091181
-0.347876
0.319437
-0.0876659
0.22708
-0.0818523
-0.154033
0.260007
0.135777
0.194588
0.215896
-0.203268
-0.189505
-0.0919774
-0.220248
0.327135
0.281424
0.186324
0.0366762
0.0918629
-0.225568
0.0131657
-0.0643323
-0.311492
-0.703576
-0.173173
0.108783
-0.0762475
-0.318891
0.224197
0.12581
-0.0638542
0.231402
0.187371
-0.194807
0.13049
0.0215832
0.235861
0.0354466
-0.0564715
-0.424832
0.382911
0.0428784
0.260701
0.0567749
0.0473634
-0.103003
-0.296924
0.0841888
-0.0123259
-0.294755
0.018189
0.17782
-0.303028
0.0620634
0.465
-0.142782
0.309388
0.0904265
-0.262002
-0.0943142
-0.642546
-0.26281
0.193357
0.305348
-0.0642717
0.873321
0.21831
0.310314
0.0526316
0.00105565
-0.350636
-0.146503
-0.294554
0.0402379
-0.471321
0.0260158
-0.356024
-0.284018
-0.267584
-0.195432
-0.243709
-0.256489
-0.275205
0.0522968
-0.051896
-0.130761
-0.327089
-0.0923264
-0.0647189
-0.209347
-0.0233855
-0.2021
-0.261246
0.343324
0.400932
-0.333738
0.120438
0.00630799
0.101778
-0.183569
0.101049
-0.0906036
0.075313
-0.108022
0.0620231
0.203637
0.0265414
-0.217388
-0.277358
-0.341944
0.319164
-0.155763
0.251977
-0.240848
-0.818707
0.200237
-0.33199
0.0917986
0.219127
0.177814
0.0521001
-0.376079
-0.0364331
0.0697469
-0.260029
-0.400758
-0.0560574
-0.2222
-0.314083
-0.106706
-0.283855
-0.0487103
-0.654518
0.0835135
0.239729
0.136461
0.114715
-0.0716604
0.136324
-0.075152
-0.306386
-0.245458
-0.068303
0.0588736
0.0919934
-0.658261
0.129157
0.326036
0.0544631
-0.146219
-0.0163434
-0.0552895
0.0206033
-0.110764
0.219918
-0.102494
-0.10656
0.0680554
-0.0849825
0.334293
0.177303
-0.156108
-0.0985462
0.136889
-0.174604
-0.233577
0.00946258
0.124924
-0.281167
-0.15866
-0.337865
0.155475
-0.261893
-0.173409
-0.273031
0.31136
-0.140026
-0.0668298
-0.135793
-0.251151
0.118829
-0.0568923
-0.366204
0.0148083
0.146914
0.0350483
0.0741961
-0.164542
0.360108
0.0478083
-0.0109923
0.0172657
0.435684
-0.11692
-0.0892297
0.0233191
-0.213797
-0.272899
-0.23434
0.0645957
-0.178572
0.274716
-0.164181
-0.231555
-0.142804
-0.112646
0.0192993
0.0832437
-0.332835
0.134524
0.415784
-0.226255
-0.0696116
0.0773919
0.101744
-0.0347624
-0.161529
0.133026
-0.123489
0.243827
0.166131
-0.0435061
0.187351
-0.131451
-0.383226
0.194766
-0.208452
0.0381428
-0.0586321
-0.188112
-0.23406
0.264902
-0.276309
-0.233679
0.129203
-0.42844
-0.369846
0.316895
0.371182
-0.133626
-0.454952
0.346065
-0.0925588
-0.188634
0.496266
-0.0812012
-0.0140861
0.162958
0.0130562
-0.321397
0.0798368
-0.0198229
-0.731774
0.102696
0.412921
-0.261417
-0.0728621
0.148996
-0.0745923
0.070113
0.156116
0.312745
-0.386978
0.271571
0.359807
-0.222361
0.573141
-0.0217081
-0.13168
0.13806
0.294256
-0.0605726
-0.280664
-0.658407
-0.642546
0.203721
-0.239908
-0.0936223
0.343114
-0.0770681
-0.0654739
-0.216314
-0.138277
0.156372
-0.183124
-0.327275
-0.0364167
0.199151
-0.319153
0.350776
0.00714584
-0.11842
-0.318437
0.223622
0.232806
0.363195
-0.367835
0.160583
0.120105
0.148772
0.0133393
-0.326161
-0.119422
-0.0207149
0.311021
-0.223933
-0.471368
-0.348721
-0.0867029
0.237899
0.0931328
-0.257058
-0.0500393
-0.132231
0.176495
0.190354
-0.0303268
-0.0526316
-0.376977
0.463789
0.166729
-0.624614
0.505173
0.0324228
0.0120125
0.168645
-0.0844056
-0.225917
-0.268309
0.0155909
-0.166028
0.0975745
-0.108213
0.057106
0.157408
-0.339791
-0.465237
0.0302771
0.110647
0.159051
0.0607484
0.0971308
-0.0353637
-0.259777
-0.196426
-0.0329843
0.0151196
-0.429674
-0.177504
0.130198
0.00684412
0.217635
-0.0138516
0.0362593
-0.0622063
0.0684911
0.142848
0.395648
-0.172121
0.102019
-0.207864
0.0206249
-0.289616
0.33517
0.0707366
-0.135178
-0.0659899
0.410437
-0.181556
-0.0165455
-0.133994
-0.181778
0.0458134
-0.114731
-0.238039
0.583761
0.329043
0.0609643
0.228666
-0.365057
0.123004
-0.746205
0.139465
-0.103433
0.29558
-0.0153493
0.276118
-0.144087
0.348244
-0.117515
0.124675
0.101795
0.22411
-0.021518
-0.372873
0.19123
-0.439916
0.0977067
-0.325057
-0.330823
0.206629
0.209299
-0.115899
0.259846
-0.181302
0.262367
-0.213353
-0.0268369
-0.0706179
0.0931662
-0.112961
0.0932878
-0.186172
-0.258661
-0.0443611
-0.136863
-0.363554
-0.0802746
-0.017671
0.451332
-0.255078
-0.0526863
-0.0777174
-0.354986
-0.366006
0.260954
0.255523
-0.258034
-0.28637
0.0542502
-0.363449
-0.107757
0.0767451
-0.201769
-0.342003
-0.165819
-0.0150259
-0.0660742
-0.0138958
-0.102849
-0.0339006
0.152423
-0.120454
-0.141653
0.276873
-0.133308
-0.0836491
-0.163501
0.18871
0.266969
0.227494
-0.226752
-0.257825
-0.0634793
-0.121889
-0.32516
0.281243
-0.214062
0.317273
-0.10183
0.163032
-0.150329
-0.483804
-0.3041
-0.0615946
-0.154005
0.269915
0.0807864
-0.118359
0.115725
-0.0526316
0.27985
0.220915
-0.0922164
-0.343455
0.116401
-0.330555
0.382789
-0.568793
0.130587
-0.367827
-0.40684
0.137207
-0.183717
-0.371706
-0.0526316
-0.454164
-0.152126
-0.069431
-0.0210787
0.0350891
-0.178929
-0.054133
-0.137037
-0.144271
-0.280897
0.116232
-0.129687
-0.332994
0.326183
-0.275982
0.298442
0.0802012
-0.148369
0.152983
-0.0182171
-0.449071
0.284234
-0.149498
-0.163837
-0.401586
0.314687
-0.0197072
0.261121
-0.000359108
-0.198063
-0.262009
0.162371
0.218886
0.366582
-0.0470484
-0.085278
0.243897
0.153555
-0.0437613
0.236712
-0.281412
0.139801
0.0417552
-0.0389896
-0.19336
0.087671
-0.204128
-0.196961
0.154145
0.09102
0.0685503
0.17977
0.269948
0.179842
0.0116539
0.00034315
-0.0870977
-0.168251
-0.279725
-0.00918084
-0.551959
-0.407386
-0.0457511
-0.38811
0.0440036
-0.0230785
-0.0222406
-0.247578
-0.0912081
0.436312
0.0574723
-0.286658
0.299845
-0.0326744
-0.0833429
0.13656
-0.0733809
-0.119213
-0.0452234
0.406156
0.0701371
0.199764
-0.322501
-0.156567
-0.624938
-0.0172782
-0.0307822
-0.29585
-0.428039
0.345698
0.231774
-0.226052
-0.0259644
0.192521
-0.113971
-0.0512656
0.296746
-0.434172
0.0089711
-0.0859736
0.0835038
0.0315268
-0.252765
-0.0743689
-0.285878
0.0996663
-0.111548
-0.582121
-0.078604
0.0717764
0.377063
-0.0761795
0.156189
0.0414435
-0.140864
-0.163438
0.0526316
-0.179459
-0.281246
-0.467689
0.209904
-0.146737
-0.046407
0.206019
-0.0148504
-0.181472
0.03921
0.107717
-0.0369798
0.0432061
-0.19242
0.265716
0.239776
0.106777
-0.324399
-0.0569743
0.187064
0.186889
-0.77338
-0.143291
-0.297567
-0.162482
0.186967
0.389379
-0.515472
0.143721
0.0367147
-0.231988
0.0086396
0.17833
-0.0269598
-0.642546
-0.0811092
-0.338877
0.327384
0.163261
-0.249317
-0.0432561
-0.199805
0.297878
0.00101591
0.0669408
-0.018961
-0.0934922
0.206159
0.042528
0.346073
-0.202245
-0.0279475
0.239572
0.0834473
-0.182168
0.346378
0.124435
-0.221769
-0.181579
0.170798
-0.0762136
-0.064272
0.0477814
0.488735
0.364533
0.168304
-0.103852
0.274462
-0.202425
-0.373469
0.0464474
-0.290833
-0.0283292
-0.0662238
-0.448043
-0.0625361
-0.360603
0.0554115
-0.0842797
-0.313401
-0.383083
-0.04438
0.119835
0.398536
0.281935
-0.193204
0.354469
-0.0126316
0.0244395
-0.0687813
0.303218
0.322506
0.334007
-0.225333
-0.15147
0.125124
0.284258
-0.0493332
0.551959
-0.0273986
0.0364688
0.232737
0.365013
0.0214777
-0.0164166
0.0663301
-0.0444788
-0.152243
0.185719
-0.0836072
-0.194381
0.0858637
-0.626163
-0.250989
-0.326628
0.209801
0.00648824
-0.357445
-0.0580498
-0.225775
-0.0447161
-0.0580558
-0.317517
-0.158108
-0.185894
-0.274423
-0.330761
-0.227761
-0.104243
-0.292771
0.248266
0.31388
0.230522
-0.130365
0.405766
0.261683
-0.214911
-0.347453
0.310612
0.167271
-0.0762832
0.00385835
0.068413
0.00757823
0.0362895
0.0929189
-0.0827949
0.187092
-0.0376054
-0.393697
0.20891
-0.118432
-0.631192
-0.0684101
0.0166431
-0.0302003
-0.261746
-0.0373524
0.306917
-0.395447
0.0184938
0.0165959
0.251588
0.22093
0.114441
0.254904
0.167182
0.0632422
-0.32426
-0.0979044
-0.0805624
-0.393307
-0.197702
-0.0720594
-0.0190776
-0.0230866
-0.044289
0.0242676
-0.130183
0.0490896
-0.0134695
0.550478
-0.267052
0.180779
0.165238
-0.121173
-0.494332
0.1002
-0.570459
0.236377
-0.0844679
-0.354891
-0.140729
0.0803664
-0.395977
0.210558
0.0418708
-0.614951
0.0396213
0.070675
0.0817374
-0.310996
-0.129742
0.167177
-0.165246
-0.575171
-0.384115
-0.0295328
0.136966
-0.11329
-0.294496
-0.167515
-0.156426
-0.616703
-0.483695
0.174173
0.2198
-0.206718
-0.222759
-0.207968
0.402438
-0.0223742
0.137832
-0.324823
0.350433
-0.332731
-0.0759243
0.215515
0.303045
-0.806462
-0.212305
-0.0375705
-0.082429
-0.02895
-0.298433
0.20425
-0.106476
-0.134995
-0.521161
-0.226014
-0.102277
0.306337
0.096384
0.272735
-0.299845
-0.00737299
-0.132903
-0.110504
-0.174638
-0.0545496
-0.165238
-0.107401
0.135433
-0.0222416
-0.216533
-0.251502
-0.360795
-0.0358596
0.126908
0.0614598
-0.349128
0.302587
-0.0132276
-0.169504
-0.211449
-0.348073
-0.428298
-0.150032
-0.00646452
0.0787737
-0.327814
-0.0356526
0.108395
-0.121709
0.129189
0.30402
0.0849224
0.00560001
-0.307689
0.15989
0.115116
-0.209968
0.331557
-0.279878
0.0907069
-0.621045
-0.04805
-0.0290515
-0.124132
0.214132
-0.218362
0.0710704
-0.418091
-0.240216
0.109954
0.0150664
-0.0650818
-0.278855
0.197027
0.248256
0.272248
0.0315826
0.0214982
0.317202
-0.187667
0.272655
-0.301649
-0.505621
0.0641897
0.197778
-0.132416
0.0650341
-0.0106162
0.0633797
0.198692
0.155444
-0.0986909
-0.381607
0.0830471
-0.0972928
0.18562
-0.219683
0.0222738
-0.222977
-0.0861404
0.342016
-0.164932
-0.29672
-0.211421
-0.0622156
-0.21493
0.0831413
-0.070712
0.274362
0.0160518
-0.0416033
0.164197
0.0361769
-0.0665338
-0.218916
-0.208129
0.170551
0.225781
-0.532042
-0.0719853
-0.186119
0.200985
0.061431
0.0696655
-0.117709
-0.166543
-0.0807279
0.0790985
-0.0785612
-0.262199
0.0688033
-0.188651
0.181483
-0.381593
-0.0461735
-0.65278
0.00955415
0.269741
-0.471261
-0.201409
-0.103529
-0.298467
0.228914
-0.00754873
0.0987619
0.0148639
-0.316149
0.345548
0.18671
-0.306681
0.106861
0.15431
-0.381169
0.523146
0.193806
-0.0392555
0.165238
-0.1636
-0.36913
-0.0971556
-0.401897
-0.0690649
0.219903
-0.0671208
0.0975031
-0.34704
0.303175
-0.088847
-0.334447
-0.112444
0.255455
-0.365767
0.00561394
-0.118727
0.0220478
-0.232982
-0.0279899
-0.16864
0.190242
0.158357
-0.119971
0.0132422
0.057621
-0.466005
0.130723
-0.261509
0.0339316
0.171701
0.0809242
-0.0779138
-0.138084
-0.64354
-0.236002
-0.107041
0.0413008
0.0400173
-0.332092
0.0200762
-0.473127
-0.149404
-0.0210785
0.148335
0.0289839
0.0288435
-0.102829
-0.252478
0.0925748
0.257111
0.0234876
0.148743
0.197503
0.0424464
-0.410437
-0.041817
0.0743559
0.206137
-0.265745
0.236809
0.047588
-0.069909
-0.214496
0.146769
-0.193272
0.358836
-0.103368
-0.0704266
-0.0231195
-0.0323149
-0.178153
-0.154467
-0.425116
-0.101007
-0.130352
0.164577
0.0147738
0.204039
-0.0142208
0.361781
-0.0542173
-0.0773295
0.0220694
0.142157
-0.07378
-0.410294
0.00437183
-0.288259
-0.676406
-0.150158
0.198613
-0.162275
-0.0721769
0.201819
0.0722255
-0.0846311
0.0295011
-0.0983614
0.187539
-0.180826
-0.250778
0.333323
-0.33227
-0.0448017
-0.0707647
-0.302511
0.0554017
0.190607
-0.367819
-0.660887
-0.0657754
-0.145466
-0.27051
-0.0922191
0.401365
0.324593
-0.112071
0.0581029
0.0347492
-0.198977
0.13672
0.00839576
0.116291
0.101933
0.126113
-0.086604
-0.0184362
-0.0213483
0.0410625
-0.372886
-0.0449741
-0.194372
0.0888184
-0.0846071
0.266619
0.289372
0.427223
-0.53433
-0.0618674
-0.318807
0.338809
-0.365179
-0.238601
-0.156154
-0.277973
-0.264979
-0.0860723
-0.3979
-0.0437617
0.16657
-0.3356
0.18174
0.326213
0.247351
-0.179195
-0.236561
-0.454862
-0.401099
-0.245289
-0.282112
-0.0703501
0.0297083
-0.613848
0.135915
-0.0918983
0.262206
-0.214997
-0.0702967
0.0715878
-0.107163
0.0482561
-0.322915
-0.0182582
-0.0196965
-0.0178651
0.0592429
0.0950081
0.34647
-0.0466229
0.0700808
0.0167456
0.196935
-0.167642
0.0594923
-0.200182
0.21648
-0.0373268
-0.31134
-0.0281391
-0.152416
0.064081
-0.152134
0.134992
0.000251183
0.513444
-0.632094
0.0498425
-0.0678573
0.0623617
-0.154728
-0.231672
-0.213557
0.626286
0.0470677
0.116523
-0.0751811
-0.0697053
-0.19939
0.0499386
0.206276
0.172894
-0.124117
0.0498041
0.0433916
-0.152899
-0.153639
0.226286
-0.0691604
-0.223529
-0.0669444
-0.186911
-0.577862
0.053349
-0.335752
0.00399793
-0.181626
-0.230811
0.0330377
-0.295264
-0.704704
-0.23364
0.0652428
0.173354
0.321434
-0.00127732
0.399994
0.173343
-0.21141
-0.102087
-0.242899
-0.101578
-0.153477
-0.23446
-0.0837527
-0.328644
0.0446081
0.0874845
0.169407
0.0483103
0.243634
0.0314755
0.154117
0.0514997
0.0456622
0.276844
-0.204376
-0.522221
-0.318254
-0.227371
0.453008
-0.206854
-0.194389
-0.12449
0.150666
0.0532127
-0.0739098
0.00296662
-0.322628
-0.411442
-0.24432
-0.0213937
-0.143675
-0.246986
-0.217642
-0.0718808
0.173247
0.0161106
-0.153392
0.259737
-0.240647
0.21997
0.418957
-0.315461
-0.275281
0.115542
-0.231087
0
0.0359451
-0.123978
-0.0684859
-0.0188105
-0.110162
0.298426
-0.114182
0.186348
0.348906
-0.0244447
0.0829244
0.263452
0.0958047
-0.0244173
0.0317336
-0.078363
0.459246
-0.172451
0.111252
-0.313421
-0.229984
-0.0308723
0.017351
0.0380742
-0.0549112
-0.0189353
0.278982
0.023791
-0.30528
-0.207072
-0.153119
-0.24622
0.0550395
0.249242
-0.167373
0.148935
-0.207323
-0.161727
0.224843
-0.198189
-0.168816
-0.675552
0.095556
-0.0713406
-0.217031
-0.172428
0.052291
-0.334021
-0.0672915
-0.0290931
-0.0622373
-0.123662
0.160516
-0.180131
-0.333537
0.382772
-0.31196
-0.0642573
-0.0931556
-0.696571
0.0335109
-0.184888
0.0193877
0.0946866
0.140729
-0.0751271
0.0443554
0.167879
-0.293025
-0.353058
0.160176
0.257341
0.233592
0.204364
-0.153801
-0.216698
-0.338699
0.140205
-0.744705
-0.198742
-0.562037
-0.0910936
0.293725
0.242697
0.282487
-0.121728
-0.154483
0.0847904
0.107162
-0.251019
-0.0368985
0.288241
-0.376349
-0.233188
0.0711872
-0.142644
0.256725
0.116886
0.169981
0.241923
0.111161
0.261096
0.271531
-0.241858
-0.248494
-0.272662
-0.0694378
-0.197058
-0.190665
-0.284142
0.0793842
-0.140772
-0.32301
0.145695
-0.197595
-0.352306
-0.365638
-0.0448024
-0.0637258
0.0634991
-0.0774933
-0.174351
-0.0841346
0.0368425
-0.200456
-0.247767
0.197054
0.0560739
-0.103519
0.0468426
-0.0115985
-0.123741
-0.265636
0.0856262
0.283392
-0.00768621
-0.201693
0.0915987
-0.265259
0.229503
0.0196303
0.38754
-0.244387
0.107841
0.277995
-0.148409
0.227651
-0.0466679
-0.165921
-0.198075
0.219235
-0.160927
0.398754
0.0925497
0.137623
0.365936
-0.0888557
-0.674782
-0.0555004
-0.526533
-0.0272137
0.592503
-0.513696
-0.390941
0.109132
0.01084
-0.315443
0.608752
0.0109549
0.107748
0.25826
0.335307
0.128537
-0.680538
0.199833
0.28914
-0.0171451
0.248455
-0.167212
-0.188219
0.161291
0.265772
-0.0162564
-0.00202993
0.294416
0.372782
0.276768
-0.272296
-0.236789
0.0233392
0.0342073
0.231788
0.115887
0.0672751
0.0147304
-0.0405738
-0.0524727
-0.35303
-0.0301388
-0.0260598
-0.259274
0.143075
0.138555
-0.0865996
-0.0914468
0.0186423
0.213087
0.0740443
-0.56917
0.131316
0.178375
-0.107163
-0.0485949
0.0795442
0.0652047
0.0577629
0.221042
0.0250291
0.0748462
0.369315
-0.642546
0.181073
-0.0598314
0.12869
-0.299448
0.128187
0.0540362
0.11851
0.101531
-0.0506919
-0.167322
0.0957552
-0.0668508
-0.140668
-0.0885541
0.2805
-0.567143
-0.035312
0.0993605
-0.244299
0.19942
0.124926
-0.0571048
-0.134929
0.00477832
-0.167329
-0.0989953
0.0745512
0.0428199
-0.00429132
0.0337287
-0.149472
0.303139
0.185307
-0.09756
-0.336876
-0.147362
0.0436929
-0.0125774
-0.179185
-0.0854126
0.323843
0.263801
-0.107788
-0.546198
-0.0781316
-0.264434
-0.291197
-0.177951
-0.172307
-0.0909837
-0.170791
-0.551959
-0.0669129
0.17483
-0.227442
0.279857
0.135216
-0.140082
-0.0507946
-0.473409
0.39224
-0.109103
0.188987
-0.333919
0.572392
0.0859693
-0.115374
-0.217025
-0.469912
0.078693
0.120983
0.10485
0.212701
-0.0711094
0.298802
0.201907
-0.0676196
-0.315127
-0.336456
-0.0789264
0.0958537
-0.000733788
-0.164088
-0.0669758
-0.0964494
0.378355
0.113618
-0.0665481
-0.11422
0.257759
-0.190999
-0.132596
0.163141
0.202682
-0.069778
0.142419
-0.0106864
-0.312926
-0.0173562
-0.15092
-0.104227
0.222009
-0.402385
-0.747304
0.0686679
-0.337433
0.0703282
0.188075
-0.318272
0.184125
-0.280633
-0.0326466
-0.186567
-0.170564
0.0603411
-0.165739
0.082935
0.197443
0.106641
-0.177274
0.0296245
0.245985
-0.16262
-0.21549
0.236842
-0.0688382
-0.252616
0.244724
-0.141404
0.098276
-0.197795
0.00413264
0.0945393
-0.118858
0.357562
-0.166688
0.0223238
0.548289
0.179019
-0.235885
0.105048
-0.431517
-0.0127573
-0.0151221
0.078045
-0.146158
0.356135
0.114048
-0.0763791
0.0398279
-0.473794
-0.642546
-0.232184
0.0982457
-0.349905
-0.0274393
0.0213236
-0.403731
0.0378204
-0.0563359
0.242435
0.156857
0.189261
0.0591059
-0.018632
-0.271953
0.262713
-0.620252
-0.08672
-0.115135
0.0891801
-0.242612
0.392095
-0.0752849
-0.00718574
0.0357018
0.109102
0.463792
-0.150755
0.057758
0.152502
-0.0983624
0.0472901
0.223088
-0.453683
-0.037238
0.108026
0.106408
0.226798
0.2013
0.0793522
0.01217
0.0521013
0.140843
0.231861
-0.0121119
0.212175
-0.16828
0.353767
-0.340761
0.1262
-0.0975248
0.0577112
-0.38032
0.395142
-0.258384
-0.0130631
0.195308
-0.0123468
0.0199773
-0.271636
-0.288682
-0.0360109
0.499415
0.358707
0.194154
0.0912838
-0.0659801
-0.191376
-0.144747
-0.0817099
-0.242556
-0.329651
-0.0469709
-0.34643
0.160357
0.15551
0.120606
0.137414
0.166081
-0.17634
0.327942
-0.203955
-0.274718
-0.245651
-0.0917755
0.454638
0.0307864
0.076321
0.0379465
-0.304954
-0.28157
-0.301929
0.279265
0.0807685
-0.475583
0.0946443
-0.0510186
0.00323324
-0.0564891
-0.0174254
-0.0535092
-0.21063
-0.18975
0.0734894
-0.114349
-0.0820454
0.350417
0.185547
0.0129977
-0.266065
-0.192703
-0.226273
0.130991
-0.499594
-0.0861718
-0.410437
-0.524798
0.00970262
-0.477665
-0.500688
0.201306
-0.0843704
0.0812412
-0.125983
-0.61232
-0.00755507
-0.139889
-0.0121012
0.247472
0.017608
0.124364
0.0132387
-0.0219183
0.261873
0.10861
-0.176712
-0.0394886
-0.481824
0.142449
0.031038
0.210656
-0.0245016
-0.0600626
-0.249715
-0.321239
0.183367
-0.187851
-0.166284
0.0562554
-0.0891644
-0.136732
-0.141074
0.190889
0.0747729
-0.121987
-0.350174
0.20541
-0.0754136
-0.0267665
-0.197129
0.0298092
0.0839623
0.148276
-0.333033
0.243411
-0.0423316
-0.351683
0.106613
0.0105687
-0.423165
-0.346626
0.22287
-0.0645014
0.251206
-0.337403
0.00798125
0.132894
-0.456296
-0.194608
-0.193035
-0.320314
0.246862
-0.248783
-0.170834
0.535903
-0.17946
-0.223206
-0.264058
0.0767616
0.00889863
0.0326094
0.286708
0.134617
0.169124
0.211063
0.0580341
-0.182563
0.180682
-0.166156
-0.56512
-0.789219
-0.0166269
0.164593
-0.125353
-0.149645
0
0.190532
0.0753734
0.314452
-0.113724
0.178476
-0.171443
-0.547637
0.0705884
-0.454438
0.0180064
0.100786
0.070083
-0.237004
-0.0526316
0.0584158
0.00284623
0.0448152
-0.107142
-0.178069
0.230944
0.0498982
-0.0222001
-0.150214
-0.0654872
-0.123798
0.0526316
-0.0316961
0.181272
0.0754633
-0.213665
0.329129
-0.2213
-0.409731
-0.226798
0.1252
0.175403
-0.224359
0.00505101
-0.273409
0.0289144
0.082026
-0.16124
-0.00285552
-0.43634
-0.00148569
-0.264142
0.288594
0.0744856
0.0152993
0.0398214
0.271019
0.252226
0.12804
-0.129282
-0.475986
-0.295321
-0.039843
-0.143339
0.26305
-0.0833837
-0.247058
-0.259049
-0.275425
0.304532
-0.179541
0.137494
0.0906658
-0.305294
-0.0924241
-0.260062
0.0299347
-0.275232
0.250021
0.109169
-0.219156
-0.193971
0.376511
0.0992403
0.374161
0.0813179
0.195778
-0.29317
-0.323289
-0.0508575
-0.277652
-0.165085
-0.496886
0.535832
0.331336
-0.15754
-0.188035
-0.275574
-0.0917921
-0.0151663
0.190975
-0.00685973
0.22731
-0.0545236
-0.295791
0.185506
-0.0500435
0.207798
0.239947
-0.219891
-0.220101
-0.267571
-0.178712
-0.0545275
0.234595
0.097833
-0.137969
-0.0771958
-0.0463161
0.0835247
0.149144
-0.0723974
-0.171607
0.440236
0.0598744
0.0833746
0.0217149
-0.0423663
-0.0808151
0.143095
-0.333117
0.0272669
-0.182573
-0.120049
0.222302
-0.361589
-0.0450568
0.365605
0.0344213
-0.153227
-0.0797519
-0.0430354
0.0387064
0.0932714
-0.701397
-0.134167
-0.0249961
0.147009
-0.0742696
-0.0408389
-0.134288
0.0439543
0.231614
0.166044
0.193419
-0.369583
-0.215295
-0.111217
0.0511477
-0.273767
-0.293645
0.178674
-0.0193311
-0.319767
-0.165526
0.123179
-0.0733156
-0.202095
-0.169682
0.122974
0.166317
-0.0649486
-0.290517
0.50029
0.204591
-0.261221
0.127748
-0.247375
-0.178964
-0.0405776
0.21639
-0.0120236
-0.116167
-0.228499
-0.0734036
0.281568
0.0942264
0.0353028
0.116969
-0.290038
-0.327232
-0.395619
-0.00918753
-0.0789408
0.0683324
0.0171216
0.343161
0.2208
0.0191294
0.187144
0.126938
0.0580312
-0.267765
0.0277506
-0.23017
0.0877798
-0.40571
-0.0526316
-0.2076
-0.0664256
-0.196207
-0.214119
0.0967373
-0.185233
0.269363
-0.195275
0.317578
-0.228985
-0.258273
-0.165893
-0.0526316
-0.130142
0.293089
-0.649678
0.267434
-0.289491
0.0963927
0.0821647
-0.437734
-0.207306
0.036495
-0.0163312
-0.15525
-0.161883
-0.121074
-0.386794
0.300807
-0.0984964
0.010704
-0.141995
-0.0275848
0.286345
0.194947
-0.120659
0.121764
-0.0819741
-0.307182
-0.257301
-0.15025
-0.0975726
-0.434846
-0.222375
0.311914
0.37697
-0.0679411
-0.0664097
-0.457748
-0.0382016
0.0633735
-0.364446
0.0692177
-0.0391208
-0.0302051
0.0526184
0.0754026
0.0618115
-0.515003
0.261013
0.0264486
-0.0379088
0.135626
0.0542196
0.0466557
-0.36537
0.059125
0.120437
-0.480831
0.206872
0.162901
-0.349036
0.442458
0.348996
0.145133
-0.294316
0.00866994
0.159213
-0.615525
-0.263637
-0.135876
-0.274175
-0.0137161
-0.225562
-0.195941
0.143465
-0.441554
-0.217705
-0.205853
-0.0302852
-0.25656
-0.0554759
-0.237444
-0.028246
-0.051484
-0.214611
-0.174262
0.114232
0.391112
-0.3526
-0.0132536
-0.649934
-0.0886317
-0.0613292
-0.0904538
-0.262232
0.123002
-0.030589
0.106389
0.118971
-0.0529394
-0.190923
-0.0398558
0.264138
-0.246198
0.00276838
-0.0618907
0.151653
-0.201758
-0.459592
0.0235331
0.391363
-0.295047
0.179552
-0.197138
0.0256812
-0.839609
-0.132353
-0.0968292
-0.241069
0.0177048
0.399072
0.177969
-0.0484011
0.0721969
0.122743
-0.188614
-0.0482747
0.3476
-0.150989
-0.196027
-0.157551
-0.108244
0.312754
0.186615
0.101074
-0.41934
-0.145359
-0.00986946
-0.306985
0.0526847
-0.1082
-0.294397
-0.307951
-0.0915249
0.20303
0.304308
-0.242903
0.513819
-0.241515
0.168674
-0.11505
0.167891
-0.119211
0.0882717
-0.256207
0.159433
-0.0662577
-0.00545508
-0.142521
0.140433
0.223295
0.196826
-0.0406249
-0.0973099
-0.0759827
-0.208717
0.103015
0.235134
-0.167436
0.413804
0.125027
-0.415886
0.339328
-0.72113
0.0392484
0.0657099
0.0275141
-0.0549402
-0.186182
0.164269
-0.266071
-0.264167
-0.689782
-0.110717
-0.0987698
-0.0296503
0.118242
-0.0471474
-0.356801
0.412783
0.361008
0.0318661
-0.278144
-0.158873
0.00193737
0.0859024
0.157069
-0.0499717
-0.645712
-0.120044
0.136563
-0.0326248
-0.246906
-0.202114
0.256683
-0.169255
-0.293049
-0.115
0.0283043
-0.158074
-0.0168863
0.146325
-0.0482607
0.0699484
-0.0959219
0.102894
-0.369253
-0.335143
-0.13449
0.278395
-0.059158
0.227544
-0.292432
-0.172446
-0.231163
-0.0800332
-0.408275
0.0738506
0.314716
-0.19037
-0.165086
-0.0316638
0.12776
-0.451751
-0.36228
0.152709
-0.285078
-0.0934394
-0.209588
-0.0314169
-0.265969
0.355255
0.244648
0.112457
0.229189
0.181219
-0.321352
-0.410437
-0.16763
0.697212
-0.0527502
-0.304719
-0.5261
-0.336434
-0.120122
0.101292
0.0241597
0.164944
-0.236943
-0.107544
-0.137862
-0.214527
0.0769311
-0.0151125
0.109624
0.351606
0.0240145
0.102887
0.26146
-0.35364
-0.211707
-0.0386944
-0.0171048
0.25545
0.0487827
-0.0817501
0.355919
-0.207231
0.273656
0.0418076
0.374108
0.0222772
0.142721
0.179365
0.216105
-0.0305404
-0.129478
-0.114598
-0.220065
-0.0395553
-0.0765353
-0.191797
0.0397001
-0.124302
-0.246875
0.185883
0.089276
-0.363956
-0.040574
-0.227635
-0.0139424
0.33403
-0.456173
-0.192578
0.0926891
-0.107579
-0.10096
-0.0715013
-0.100976
-0.0122758
-0.152911
0.229977
-0.384991
-0.122031
-0.128231
-0.26794
0.165126
0.316099
0.352808
0.152782
0.490054
0.0684104
0.0370748
-0.0238813
-0.176577
-0.26863
-0.352588
0.0162241
-0.128654
0.212809
-0.109399
0.148775
-0.321609
0.134505
-0.186606
0.139404
-0.0227282
0.227182
0.37538
0.110932
-0.27066
0.0236106
0.356668
-0.0201059
0.277707
-0.0761667
-0.360701
0.146071
-0.0656314
0.127616
-0.128035
-0.161646
-0.451309
-0.0428259
-0.238296
-0.180704
-0.0112656
-0.0725577
-0.252152
0.0210397
0.173229
-0.0975848
-0.221188
-0.177812
-0.0834343
-0.0739297
-0.0485868
0.0369073
-0.0681624
-0.287171
0.0243304
-0.176724
-0.141384
0.238349
0.0153142
-0.3799
-0.668255
-0.279619
-0.126058
-0.340887
-0.284435
-0.137767
