-0.188004
0.157585
-0.0494832
-0.662986
-0.289398
0.0642163
0.170386
0.253257
0.0262908
-0.247848
0.306011
0.00140626
0.625271
0.0261801
0.0464499
0.0298981
-0.166344
0.145033
0.104274
-0.109856
-0.556351
-0.354572
0.0138246
0.289642
0.401856
-0.0438286
0.339047
0.193711
0.0477824
-0.402838
-0.233227
0.238031
-0.130427
-0.0920875
-0.33296
-0.346292
0.43177
-0.0472827
-0.279294
0.164268
0.268496
-0.190852
0.117966
-0.257856
-0.252071
-0.106988
-0.471266
-0.137409
0.0325716
-0.0423948
0.00566298
0.512315
-0.100822
0.39287
-0.273144
-0.203391
0.324743
0.155341
-0.382943
0.458841
-0.290786
0.167725
-0.0384522
-0.377417
0.517254
-0.435146
0.171948
-0.0511913
-0.143149
0.0561731
-0.227085
-0.602059
0.17605
0.179259
-0.436577
-0.018652
0.208731
0.14819
-0.0532899
0.236956
0.0542278
-0.0676318
0.297411
0.232207
0.252468
0.0323638
0.0105291
-0.334099
-0.115917
-0.581624
-0.055247
0.56913
0.187216
-0.00832436
-0.261079
0.0526316
-0.13638
0.16077
0.262758
-0.204483
-0.00639314
0.288768
0.28755
0.0685847
-0.243687
-0.0747318
0.10917
-0.173895
-0.551959
-0.158812
0.195745
0.336204
0.264097
0.121097
0.410437
-0.063349
0.0102748
0.199041
-0.240039
0.64291
0.214621
-0.0943951
-0.301048
0.0095417
-0.0277365
0.139595
0.238083
0.481246
0.172724
0.132156
0.122038
0.356434
0.119224
0.463032
0.0519986
-0.0343072
0.129187
0.345617
0.145387
0.244391
0.199122
0.0535897
-0.281199
0.197282
-0.290698
-0.0526316
-0.427724
-0.235458
-0.158621
-0.166317
0.362567
0.127108
0.410437
0.0541523
-0.00262665
-0.0583435
-0.360287
-0.134793
-0.36001
-0.245915
-0.312917
-0.563071
0.239405
0.178058
0.12465
-0.111089
-0.263521
0.673677
0.237127
0.210935
-0.239173
0.690786
0.173531
-0.401668
-0.142734
0.190938
-0.0766774
-0.0762022
0.708921
-0.0252128
-0.174961
-0.199647
0.0412503
-0.15677
-0.220665
0.184759
0.134218
-0.330457
-0.0192308
-0.250263
0.0275676
-0.425776
0.341044
0.65466
-0.319159
0.367957
-0.0822485
0.183561
0.0409518
0.213266
0.255513
0.133398
0.141914
-0.0320626
0.0361686
-0.106324
-0.134591
-0.0787328
-0.141685
-0.458909
-0.0140662
0.193219
-0.123262
-0.00281994
-0.244429
-0.194018
-0.160281
-0.0876538
-0.0109832
-0.239139
-0.116028
0.342971
0.0268906
0.0255284
-0.18489
-0.247779
0.232012
0.165172
-0.159076
-0.286436
0.0874024
-0.059032
0.0647482
-0.26532
0.276078
-0.340022
0.0565826
0.0513699
0.173456
-0.186652
0.0627023
0.305743
-0.136245
-0.150543
-0.0468881
0.510907
-0.415617
0.262113
0.260478
-0.35959
-0.248765
-0.112088
0.173016
0.0247804
-0.0119177
0.0929175
0.243574
-0.176805
-0.220972
0.244161
0.10017
-0.0199846
-0.0361249
0.0464423
-0.168778
-0.0726808
0.17309
0.296494
-0.434149
-0.0214602
0.0627589
-0.0558625
0.360471
-0.19922
0.204604
0.112611
-0.0837894
-0.0706194
0.00646869
0.323824
-0.0690014
0.0209109
-0.098346
-0.095717
0.0598756
-0.158962
-0.103786
0.272011
-0.274507
-0.314306
0.115377
0.077795
-0.246295
0.27143
-0.310708
-0.160014
-0.148906
-0.181466
0.0324717
-0.328979
-0.18703
0.0680588
0.0414944
-0.281387
-0.183915
-0.0272077
0.317698
0.0904836
0.157334
0.291836
0.348527
0.0039383
0.230154
-0.215148
0.0834962
0.110372
0.776244
0.255466
0.0461017
0.230872
0.385417
0.644497
0.145882
-0.0607396
-0.0462698
-0.3733
-0.791138
0.159628
-0.322022
0.121719
0.368597
0.237881
0.216649
-0.160807
-0.349367
-0.168779
0.375705
0.342074
-0.263171
-0.160976
0.138782
0.102498
0.225881
0.213024
-0.496835
-0.017464
-0.127973
-0.271788
0.314912
-0.10378
0.447302
0.12047
-0.0172424
0.216511
0.195528
0.646494
-0.281466
0.268918
0.0521484
-0.28411
0.0111496
0.0823805
0.287482
0.105659
0.371685
-0.300736
0.196209
0.0516993
-0.355929
0.38085
0.186961
0.116467
-0.153431
-0.0905965
0.0528939
0.146184
-0.0122214
0.0863216
0.227365
0.296251
-0.251509
0.226809
0.408763
-0.0909238
0.0579922
0.0564275
0.0665593
-0.172663
0.162096
0.00722806
0.227856
-0.0795152
0.048847
-0.0209499
-0.245739
0.148168
0.412906
0.190095
-0.146614
0.0620532
0.360622
-0.12162
-0.127331
-0.134057
0.178037
-0.0456376
-0.186213
-0.772968
0.119557
0.196523
-0.0481148
0.228109
0.00522644
0.278268
-0.392276
-0.0462759
0.251766
0.294949
-0.0377284
0.0267995
0.25292
-0.28617
-0.0428585
0.00815946
0.244363
-0.0747034
0.0434705
0.202328
0.12048
0.319382
-0.510525
-0.0424753
-0.184657
0.179448
0.359831
-0.140048
-0.127624
-0.272754
0.0413248
-0.221023
-0.16749
-0.0599504
0.352313
0.421479
0.0701591
-0.105064
-0.0532458
0.448776
-0.0908537
-0.268804
0.119003
0.184333
-0.160938
-0.372822
0.362424
-0.194021
0.0267017
0.232164
0.303738
0.109049
0.163241
0.35466
0.0602489
-0.120778
0.223832
0.114073
-0.152345
-0.0136529
-0.0463303
0.206829
-0.502224
-0.072689
-0.0574125
0.35565
0.0558006
-0.149373
0.241561
0.031763
0.677956
0.116527
-0.0357686
-0.242764
0.187185
0.0769499
-0.102246
0.0813207
-0.440635
0.0842634
-0.0494217
0.221121
0.199394
-0.346807
0.279112
0.210192
-0.264983
0.0747558
0.211144
-0.333157
-0.0452589
-0.292886
-0.352833
0.223926
0.320772
-0.295878
-0.172672
0.142838
-0.247954
-0.0741472
0.343934
0.351117
0.0474429
0.0444157
0.112883
0.0610663
-0.399255
0.55441
0.311701
-0.262768
0.0862518
-0.121867
0.005554
0.0746565
-0.0946436
-0.203235
-0.0578267
0.509439
0.271277
0.0714001
0.201508
-0.123395
-0.00584352
0.371007
0.586136
0.436644
-0.247349
-0.150926
0.0168713
0.12099
-0.0161952
-0.261423
0.643917
0.327908
0.0299737
0.334756
0.103951
-0.210616
0.353186
0.0915201
0.290781
0.308024
0.203866
-0.278774
0.247475
0.370727
0.000144129
-0.0274256
0.129644
-0.086013
0.0147625
0.0308403
0.0244742
-0.168031
-0.0607404
0.444737
0.13106
0.22909
-0.040421
0.239066
0.0100155
-0.642546
0.207944
0.551219
0.0715263
0.00667716
0.0248938
0.0526316
-0.0219701
-0.253548
-0.420012
0.0260278
0.224509
-0.200846
0.0772803
-0.340429
-0.0768532
-0.231858
0.30006
-0.274151
0.248579
-0.146379
-0.139248
-0.369283
-0.178526
0.328824
0.425617
-0.013706
0.11017
-0.0363925
0.12597
0.163326
-0.300363
0.0805384
0.0744868
0.37075
-0.0290725
0.429122
0.0733558
0.415309
-0.119843
0.129524
0.211795
0.00619319
0.569183
0.131668
-0.196097
0.124137
-0.0807918
0.216867
0.0146794
0.00287811
-0.259806
-0.138366
0.383639
0.128959
0.024979
0.105722
0.410437
-0.102265
-0.0708094
-0.301052
-0.273376
-0.307164
0.361734
0.0755887
-0.247949
-0.225647
-0.27941
0.163376
0.484043
0.308142
0.320607
-0.137714
-0.174869
0.0765411
-0.1285
0.0123315
-0.377746
-0.109773
0.0910698
0.0685374
-0.419224
-0.0526316
-0.0345123
-0.0479479
0.188301
0.201554
0.0929723
0.186615
-0.318761
0.160062
-0.148641
0.0828814
0.082914
0.216991
-0.441224
-0.0242937
-0.20585
0.0796787
-0.0472878
-0.069888
0.0849493
0.280866
0.052061
0.107672
0.361772
0.308378
-0.249417
-0.194969
0.385328
-0.218619
-0.464886
0.326175
0.119472
-0.289042
0.267383
0.135172
0.249274
-0.00774551
0.313966
0.0827143
-0.314292
-0.301945
0.288235
0.0583249
0.198008
-0.469313
-0.0117781
0.200668
0.0938452
-0.0526316
-0.267409
0.773096
0.443724
-0.0530152
0.296198
0.191967
-0.0761782
0.220759
0.515119
0.216872
-0.0452
-0.142543
0.00310705
0.642546
0.0903136
-0.0620388
0.176888
0.188803
-0.0756868
0.0372712
0.260569
-0.0928564
0.0982923
-0.163832
0.122182
-0.176696
-0.230917
0.297822
-0.111164
0.189202
-0.055436
0.163906
0.274636
-0.49012
0.0821498
-0.0342979
0.493607
-0.162513
0.0488551
-0.137684
-0.0662675
0.0428572
0.113748
0.0586602
0.0282088
0.752072
0.0200845
0.375911
0.0594784
-0.288759
-0.205291
-0.217567
-0.00470437
0.156099
-0.0703597
-0.0344665
0.250496
0.222229
-0.0408182
0.231358
-0.34781
-0.080488
0.0362862
0.0400638
0.0587874
0.245955
-0.118625
-0.183513
0.597546
0.21789
-0.0724034
0.26355
0.19049
0.249108
0.0635696
0.16939
0.165176
-0.218741
0.359212
0.348635
0.0141015
0.0752544
0.0338758
0.227071
0.178311
-0.0676309
-0.348739
0.0998371
-0.125228
-0.239368
-0.326695
0.282228
0.071734
0.0258003
-0.219031
-0.154932
0.125762
-0.185251
-0.0522428
-0.0958366
0.328931
0.239276
-0.26199
0.123414
-0.304018
0.20462
-0.204723
0.121615
-0.0237156
-0.138705
-0.607783
0.219803
-0.0664844
-0.449898
0.513108
0.0256997
-0.230371
-0.104428
-0.161562
0.0059418
-0.207233
-0.593466
0.0904431
0.17477
-0.23938
0.0526316
0.0620967
-0.0166115
0.0348281
0.150684
0.228857
0.0576378
0.405933
-0.0494081
0.0177046
-0.10054
0.291213
-0.249084
0.189002
-0.0435985
-0.203345
0.744212
0.116808
0.163459
0.0214503
-0.305418
0.191825
0.0828972
0.175213
0.050212
0.147143
0.12869
-0.152499
0.360349
0.0141282
-0.112136
0.205495
-0.358145
0.197517
0.372177
0.0368014
0.772216
0.352986
0.410456
0.0244691
0.415584
-0.182288
-0.0897441
-0.147427
-0.249737
0.290917
-0.260302
0.0433092
-0.127194
0.353438
-0.119361
-0.165238
0.278188
0.100224
0.152885
-0.281938
0.161371
0.0887985
0.410437
-0.230912
-0.201032
0.0824214
0.293551
0.207227
0.00476885
0.121062
0.199123
-0.00843242
-0.0265909
0.356402
0.440067
0.0371481
0.0823857
0.145685
-0.148116
0.151182
-0.256336
0.0053545
0.149999
0.117372
-0.0453649
0.31136
0.156263
0.282891
-0.294989
-0.0511688
0.03435
-0.313645
0.281147
-0.0158724
-0.312877
0.123238
0.714689
-0.033752
0.504773
0.139036
0.369884
0.436732
0.804409
0.0502251
-0.381578
0.0806432
-0.0729658
-0.0435048
0.425526
0.0880951
0.183166
0.0513971
0.0325167
-0.191551
-0.13117
-0.111384
0.48467
-0.188741
0.325512
0.0414877
-0.152957
0.26957
0.260873
0.27409
-0.0188857
0.0644335
-0.0509603
-0.0131864
0.103742
-0.302872
-0.110062
0.0541444
-0.141017
-0.15756
-0.200856
-0.320486
0.250049
-0.051892
-0.0142431
0.108423
0.122919
-0.0501143
-0.247601
-0.0465842
0.191873
0.3725
0.264687
0.327981
0.321035
-0.382672
0.104789
0.236834
0.532133
0.0575322
0.218459
-0.0375578
-0.202779
0.146811
0.0879418
-0.045332
-0.0688029
0.120455
0.212201
-0.0571052
0.217729
-0.317221
0.0665447
0.0984111
-0.136537
0.277836
-0.114112
0.211947
0.677579
0.260894
-0.00101796
-0.216654
0.148424
0.23995
0.315948
-0.182494
0.220051
0.343346
-0.0810959
-0.0467807
-0.148327
0.280299
0.22182
0.0263234
0.278002
-0.259769
-0.121308
-0.166803
0.00575954
0.0596412
-0.0308225
-0.223848
-0.469882
-0.38192
0.267306
0.135125
-0.104887
0.272829
0.315628
0.55
0.0298769
0.0131512
0.17897
0.220585
0.523534
0.218237
-0.0405447
0.176989
-0.188431
-0.17287
-0.213624
-0.203272
0.147828
-0.488172
0.047031
-0.469875
0.381535
-0.170616
-0.435276
-0.356822
0.327867
-0.195263
0.0721539
0.203246
0.19731
-0.352625
0.28158
-0.264866
-0.190032
0.0685851
-0.00124191
0.0872169
-0.0963578
-0.0358079
0.00807136
-0.174161
0.0328418
0.162865
-0.392273
0.227666
-0.319781
0.152338
-0.443206
0.0662942
0.198448
-0.0450873
0.256922
0.153864
0.0306467
-0.0145243
0.282787
-0.253592
-0.0401546
-0.138317
-0.235643
0.096347
-0.035279
-0.239051
0.285858
0.570123
0.0330191
-0.268827
0.396501
-0.285103
0.149431
-0.0589861
0.262023
-0.341323
-0.107378
0.171279
-0.183888
0.444832
0.457588
-0.13724
-0.119066
-0.140347
0.211933
0.0520395
-0.177046
-0.0309104
0.38992
-0.0711361
-0.0730053
0.735323
-0.300601
0.00697004
0.153033
0.525533
-0.272221
-0.110783
-0.0781699
0.149551
0.0508137
0.0463861
-0.126913
0.1127
-0.194984
0.245559
0.15897
0.642546
-0.158883
-0.274407
0.26962
0.0337555
0.0790358
0.0574167
0.29429
0.168749
-0.327554
0.0203748
0.206322
-0.155267
0.236766
-0.221543
-0.357798
-0.0735409
-0.0400251
0.0855531
0.0974054
-0.528449
0.0369494
0.200079
-0.167274
-0.0865243
0.126673
0.123118
-0.302582
0.220826
-0.322057
-0.0977079
0.131126
0.088567
0.126838
-0.0950987
0.0337056
0.682023
0.158173
0.205381
0.047935
0.270371
-0.129182
0.284588
0.305741
0.324246
0.197099
0.0164679
-0.144033
0.0875098
-0.178351
0.27975
-0.0732808
-0.0954677
0.0961554
-0.131589
0.126985
0.215627
0.0332229
-0.0992807
-0.0102231
-0.22038
0.127854
-0.328861
0.806505
0.0760148
0.33887
-0.339901
0.235189
-0.258752
0.131167
-0.00679838
0.306544
-0.0961447
-0.260795
0.0422798
-0.00484259
0.171005
-0.107814
0.170395
-0.22091
-0.107281
0.304391
0.196314
-0.105494
0.483684
0.319815
-0.302725
0.250566
-0.00849042
0.342186
-0.246633
0.138796
-0.25964
-0.0997162
0.0339661
-0.159614
0.57817
0.319095
0.344005
0.157333
0.0688225
0.0273904
0.223154
-0.00666714
0.17693
-0.200664
0.515072
0.150219
0.281545
-0.578613
-0.438624
0.201562
-0.0743071
-0.0703046
-0.145242
-0.367726
0.571211
0.37741
0.0806247
0.00692952
0.273992
-0.0120161
-0.0971634
0.300864
-0.227114
0.197629
0.0944676
-0.017766
-0.0653928
-0.0877198
0.130869
0.151956
0.203538
0.226487
0.0358151
0.189679
0.0912945
-0.0220421
-0.112776
0.22066
-0.014039
-0.20428
-0.149709
0.51128
-0.332836
-0.161161
-0.0151329
-0.164691
0.352645
-0.103304
0.0623751
0.348271
0.139378
0.239993
-0.0983139
0.0945694
-0.328002
0.484069
0.121668
-0.327654
-0.049091
0.250743
-0.133603
-0.0738047
0.097098
0.267696
-0.0425975
0.222641
0.43093
-0.222816
0.0785063
-0.283951
0.0496689
-0.199624
-0.410659
-0.386068
0.448163
0.376159
0.431514
-0.0369905
-0.329713
-0.171308
-0.281271
0.239158
0.433233
0.313295
-0.127515
0.0188469
-0.260584
-0.114644
0.595382
-0.151073
0.682885
-0.192755
0.190209
0.647734
0.113175
-0.0489974
0.286558
0.026139
-0.0393742
0.138669
-0.075556
-0.187104
0.00175954
-0.180367
0.221457
0.38594
0.551959
-0.211294
0.174597
-0.00688625
-0.0814855
-0.23131
-0.232166
0.245219
-0.165263
-0.184275
0.105542
0.206626
0.0644409
-0.0890533
0.310749
0.0152805
0.152559
-0.41504
0.208838
0.300112
-0.0723966
0.00938869
0.354659
0.17681
0.319521
0.000659448
-0.125813
0.39284
-0.033403
-0.151627
-0.148464
0.117264
-0.0306889
0.525302
-0.124327
0.0513812
-0.390363
-0.314103
0.0288202
0.539022
-0.0756379
0.235211
-0.000123162
0.0272585
-0.00407
0.261217
-0.0193762
0.448184
0.64792
0.134081
0.0889419
0.099838
-0.0424883
-0.0459482
0.010005
-0.0528854
0.167243
0.0160295
-0.148179
0.358928
-0.177179
0.368082
0.056344
0.291248
0.309972
-0.397186
-0.260842
-0.0195621
-0.402673
0.0781371
-0.254189
0.0774468
0.015222
-0.0178025
0.0432629
-0.00938876
0.00852012
0.161369
-0.127122
0.30349
-0.198817
0.220694
-0.247383
0.00835012
-0.0237867
0.355103
0.264942
0.192494
-0.143214
-0.0683156
0.374745
0.133777
-0.0655697
-0.275382
-0.0237467
-0.505743
0.167862
-0.0455352
-0.0017438
-0.0884498
0.116262
-0.39886
-0.1887
-0.540808
0.130116
0.0341101
0.148085
0.0816735
-0.216057
-0.184657
0.0229874
0.0935283
-0.334162
0.135515
0.0154374
0.318266
0.00754116
-0.368683
0.40792
0.308894
0.327996
0.0775302
-0.0326796
-0.281102
0.0287956
0.115698
0.174536
0.0930268
-0.266171
0.32139
-0.109397
0.283409
-0.36632
-0.0548867
-0.197546
0.132907
0.298992
0.0973398
0.372006
0.0582823
0.0965862
0.142971
0.146009
0.410437
-0.0527573
-0.113172
-0.499931
0.0940137
0.101393
0.179687
0.144575
0.265722
-0.122974
0.313016
0.270734
0.0247293
0.187991
0.368429
-0.0792382
0.55248
0.369179
0.265004
0.196137
0.441641
0.0133659
-0.0225395
0.144013
-0.109638
0.232232
-0.211084
-0.0660801
-0.0844666
-0.210764
-0.0512491
-0.134436
-0.231097
-0.0944386
-0.0342592
0.0830636
0.0734324
-0.114657
-0.336568
0.170865
0.0347768
-0.299572
0.198469
-0.16194
-0.212282
-0.0248842
0.0176621
-0.0123443
0.0286949
-0.36369
0.250982
-0.000535168
0.245308
0.274726
-0.187744
0.642546
0.217614
0.381583
0.115147
0.0459253
0.0520483
0.153866
-0.195797
-0.274419
-0.356397
0.220177
-0.0695331
0.452789
-0.0951439
0.123365
0.410437
0.167843
0.264061
-0.0978229
0.230234
0.285528
0.168364
0.087979
0.126859
0.18705
0.137906
-0.279021
-0.0079178
0.143765
0.0714539
0.205493
0.0593706
-0.0859734
0.608349
-0.180517
0.132625
0.184313
0.0713615
-0.167523
0.0832186
-0.229079
0.269026
-0.241048
0.0893606
-0.130563
-0.0958451
-0.150848
-0.0526316
0.286159
-0.040561
0.361112
-0.177939
-0.00979893
0.11089
-0.0415249
0.13898
0.13973
-0.0397216
-0.153168
0.141539
0.186851
0.249414
-0.393614
-0.304631
0.142858
0.187921
-0.233014
-0.0488649
0.0404872
-0.0962773
-0.0951385
0.00999666
0.0105414
0.223742
0.280052
0.114508
0.0909411
-0.0358515
0.176608
-0.0512463
0.106195
-0.281601
0.277571
0.183304
0.339759
-0.138761
-0.0241609
-0.0576662
-0.0676497
0.173957
0.10032
-0.0752548
-0.0082952
-0.0499915
0.326449
0.0447103
0.457049
-0.0949373
-0.131262
0.106879
-0.090063
0.172731
0.0758479
-0.242474
0.406105
-0.320231
-0.0879363
0.0182544
0.281899
-0.012588
0.140855
0.683345
-0.0603395
0.156348
0.398733
0.252822
0.129135
-0.150723
0.157779
-0.462421
0.16932
0.161942
-0.260194
-0.0615863
0.156819
-0.312718
-0.17942
0.59005
0.04217
-0.30129
-0.133784
-0.286446
0.104419
0.203929
-0.163838
0.739802
-0.18282
0.306397
-0.277773
0.316064
0.103366
0.264033
-0.0103335
0.0568239
0.23391
0.53939
0.00929939
-0.0267538
0.348822
-0.228209
0.107996
-0.131042
-0.0734278
0.0486645
-0.397841
-0.31279
0.0747359
-0.2313
-0.241048
0.0907065
0.260559
-0.281255
-0.0446301
-0.27102
-0.0273717
-0.161528
0.291947
0.187403
0.357721
0.130781
-0.343474
0.183924
-0.235575
0.480421
0.0820843
-0.0990054
-0.067848
0.100738
0.172737
0.554885
0.244555
0.144745
0.208327
0.424956
-0.199646
0.0907605
0.0623616
0.0469882
-0.173554
0.199614
0.201444
-0.0485945
0.00168642
-0.123021
-0.0546757
-0.191035
0.038566
0.296558
0.00188572
0.223887
-0.0348412
-0.00970278
-0.0799207
-0.23993
-0.215754
0.319269
-0.223617
0.250692
-0.329524
0.0494411
-0.297663
-0.410686
0.281329
-0.05207
-0.167513
0.00553982
-0.0808373
0.224682
-0.259423
0.239024
-0.282798
0.0668069
-0.287012
0.189236
-0.226127
0.237301
0.162939
0.380923
0.222422
-0.205815
0.082581
-0.167211
0.128627
-0.121494
-0.186883
-0.0930397
-0.182869
-0.228619
0.148367
-0.18462
0.302311
0.116065
0.202565
-0.299353
0.0960834
0.298074
0.176802
0.0759595
0.0511677
-0.0393965
0.0932618
0.10006
0.526106
0.0463824
0.29712
0.169708
0.216062
-0.0511824
0.241859
0.0664512
-0.41736
-0.360216
-0.0319564
0.106458
-0.0902211
0.417992
-0.147373
-0.149592
0.399818
0.276661
0.0320657
-0.0274185
0.00970448
0.0810784
0.160191
-0.137756
0.159939
-0.138835
-0.359175
0.0490934
0.120401
0.278556
-0.0781768
-0.119142
-0.371511
0.790618
-0.11195
0.372272
0.211894
0.0328183
0.231678
0.328831
-0.18415
0.19177
0.200835
0.120525
-0.079235
0.880851
-0.127634
-0.194626
0.147334
0.276117
-0.0657007
0.350173
0.292515
0.153114
-0.0847923
0.215589
-0.104449
-0.0884476
0.027234
0.0923343
-0.637133
-0.18185
0.168386
0.369588
-0.0873846
-0.101613
-0.256741
-0.0933457
0.141704
-0.262107
-0.27745
0.159013
-0.354415
-0.0996977
-0.278826
0.0407007
-0.0280744
-0.309903
0.112484
-0.176763
-0.0711644
0.299064
0.166128
0.0577216
0.0328318
0.166022
-0.113754
0.0200218
0.177693
-0.0511979
0.0441845
-0.156221
0.142792
-0.160603
0.0687714
0.130605
0.173183
0.0322309
-0.144092
0.116303
-0.0726303
-0.332301
-0.293454
-0.206518
-0.0827015
0.81614
0.0945564
-0.548505
-0.39001
-0.2657
-0.0153516
0.252762
-0.0183453
-0.19258
-0.0315793
0.133253
0.237454
0.238416
-0.238124
-0.165238
0.171225
-0.176437
0.431711
0.0721444
0.0690709
-0.239813
0.17246
-0.168667
0.559762
0.397166
0.382429
0.600395
0.0526316
-0.0371553
0.28744
0.618562
-0.115352
0.200805
0.480907
-0.234909
-0.0536747
0.239676
0.0617877
-0.175767
-0.108812
-0.0723317
-0.27542
0.0686075
0.152308
0.07392
0.0923828
0.112967
-0.072473
-0.386976
0.265913
0.0399415
-0.228006
-0.174346
0.344637
-0.00575028
0.050148
0.397135
0.191863
0.262937
-0.326188
-0.0554686
-0.169657
0.128692
0.188704
0.133805
0.257275
-0.219957
-0.10117
0.910818
0.113998
-0.191919
0.06114
0.305194
0.0814648
-0.197693
0.260627
-0.070686
0.0801776
0.066487
-0.199173
0.00669143
0.330719
0.359926
0.354529
0.554139
-0.0588473
-0.132732
-0.0919855
0.50251
0.340887
-0.0306551
0.171156
-0.109942
-0.156332
-0.064492
-0.0576851
0.0936441
-0.0897372
-0.0267554
-0.207426
0.500688
0.191563
-0.162273
-0.0526316
0.347701
0.282348
0.139785
0.478214
0.230333
-0.190907
0.00169992
-0.187131
0.470974
0.172871
-0.0622631
-0.165668
0.511393
-0.301404
0.318108
-0.160956
-0.0927068
0.140185
0.410437
-0.0729354
0.0964926
0.0234093
-0.23648
0.199567
-0.0125734
-0.0422245
-0.382892
-0.0524412
0.287935
0.0159682
0.0618616
0.273918
0.0140042
0.0367645
-0.312882
-0.379546
0.353378
0.0115103
0.410437
0.0770166
-0.0950977
-0.410689
-0.12836
0.179876
0.145774
-0.0833856
0.0419168
0.250374
-0.22945
0.12786
0.241172
0.272946
0.252441
0.233247
-0.162401
0.0172283
0.442081
-0.0465436
0.343895
0.00552114
-0.545812
0.152224
0.198744
-0.107992
-0.172803
-0.239545
0.0826307
0.0746695
-0.176896
0.12221
-0.120745
-0.138657
0.192275
-0.242725
0.153062
-0.179436
0.164126
0.17061
0.264591
0.0929971
0.203787
0.0302718
-0.214275
0.753888
0.14064
0.0420215
0.281488
-0.149655
0.0047182
0.15826
0.184681
0.308971
0.410437
0.183294
0.374937
0.143147
0.402953
-0.123798
-0.451153
-0.0621639
0.0317006
-0.0151333
-0.374583
0.243707
0.119
-0.184477
0.210754
-0.0430052
0.106808
-0.146443
-0.113211
0.0498543
0.16445
0.119724
-0.270901
-0.144764
-0.25038
-0.198915
-0.406632
0.0308132
0.0688716
0.198595
0.038328
-0.151987
-0.242
-0.0947298
0.220549
-0.0667782
0.160891
-0.306014
0.218061
-0.0360699
-0.323162
-0.201692
-0.0435581
0.186143
0.00488631
0.189752
-0.0354166
0.047317
0.110236
-0.0850474
-0.0495872
-0.114735
-0.14854
0.126801
-0.366927
0.0850386
-0.25454
0.00955161
0.00636661
-0.0128217
0.0207219
-0.338945
-0.356328
-0.223277
0.251768
-0.40896
0.0620261
-0.229908
0.0483548
-0.0829384
-0.187761
0.0698483
0.0974173
0.0312362
0.248178
-0.10453
0.380027
-0.0468357
0.0979302
0.017824
0.0656907
-0.199936
-0.155207
-0.506792
-0.0357201
-0.0362455
-0.314279
-0.385855
0.410437
0.301497
-0.283121
-0.179931
0.254982
0.0996942
0.173776
-0.157315
0.302366
0.0455259
-0.106975
-0.0835961
-0.141555
0.182724
-0.192141
0.278639
-0.147788
-0.0757105
0.000194064
0.0792955
-0.15815
0.267746
-0.0151567
-0.61711
-0.0819234
0.136516
-0.129067
-0.0575899
0.0526316
-0.0342978
-0.190929
0.544755
0.0792514
0.407006
-0.144192
-0.046722
0.0454238
-0.0848297
0.215272
-0.0154712
-0.0246775
-0.0376453
0.245795
-0.0467098
0.25777
0.171184
0.211352
0.235487
-0.176058
0.0321771
-0.421429
-0.145795
0.290039
0.358974
-0.133235
0.00461732
-0.0340833
-0.118323
0.391273
0.281227
-0.225062
-0.111413
-0.17955
0.15912
0.195809
0.275238
0.0282223
-0.185647
0.0244649
-0.0116636
0.0155178
-0.0142236
0.286451
-0.267054
-0.108031
-0.155634
0.267644
0.0686153
0.215973
0.357811
0.386589
0.10607
-0.0470345
-0.0448442
-0.346475
0.0188358
0.61187
0.347086
-0.529129
-0.39121
-0.433301
0.0807424
-0.303491
0.180614
0.0673344
-0.00273131
-0.00333073
-0.0261603
-0.282735
0.111034
-0.0593451
0.0328496
-0.146185
0.0685153
0.276181
0.125789
0.137095
0.0710661
-0.406963
0.301545
0.145937
0.120805
-0.415001
0.328479
0.057704
-0.0761967
-0.271807
0.0172163
0.861088
-0.359892
-0.115904
-0.320352
0.255464
-0.0480153
0.244152
0.11026
0.568781
-0.143258
-0.0921449
-0.425996
0.0310363
-0.0167628
0.141453
-0.116053
0.00929247
0.172556
0.241944
0.00877429
0.00506869
0.401511
-0.600985
0.436466
-0.100757
-0.228248
0.704704
-0.322117
0.101474
-0.154301
0.21035
0.302245
0.0760819
-0.277151
-0.142273
-0.251202
-0.0711142
0.320512
0.00456699
0.0983184
-0.0626749
-0.265496
0.391876
-0.114571
-0.163262
-0.348284
0.0584164
0.0549903
-0.34315
0.32661
-0.0549538
0.0392089
0.0531483
-0.0755374
0.141437
0.339342
-0.0103604
0.122546
0.219867
-0.0779957
-0.0830852
0.313768
-0.0911028
-0.0971555
-0.219452
-0.209934
0.326187
0.239254
0.072814
-0.190716
-0.265386
0.0932017
0.247169
-0.343822
0.464019
-0.241292
0.235169
0.0865457
-0.0972931
-0.202208
-0.0569444
-0.227799
0.267292
0.383041
0.00910345
-0.154821
-0.104117
0.295273
0.0981355
-0.101495
0.0246422
0.3393
0.456478
0.26457
0.0116831
0.291673
-0.145178
0.0903387
-0.073487
0.137612
0.0178121
-0.363323
-0.0353171
-0.351308
-0.0913105
0.398667
0.249565
-0.194233
-0.0442379
0.0721479
-0.00866035
-0.00964856
-0.0723043
-0.245083
-0.181667
0.184954
-0.248045
-0.184338
-0.179969
0.278377
0.133655
-0.152644
0.270212
-0.0120137
-0.00927607
-0.0481067
-0.0224584
0.31052
-0.00245455
0.0551934
0.254301
0.265392
0.364985
-0.0484038
0.0971918
-0.0209656
-0.0197178
0.123161
0.110521
0.0279928
-0.139584
-0.142337
0.170777
0.0404917
-0.0633576
-0.219223
0.276472
-0.152522
0.216255
0.165342
-0.135324
0.0322179
0.347271
-0.209812
0.258475
0.836909
0.263149
0.0879249
0.231543
0.0863937
0.13767
-0.151263
0.244861
-0.083193
-0.275241
-0.229163
-0.211136
0.138276
-0.09858
0.118775
-0.249664
-0.111835
0.32595
-0.362382
0.206469
0.102554
-0.105406
0.0490543
0.135062
0.27654
-0.224381
-0.361417
0.0861411
-0.0138497
-0.0690516
0.0247952
0.108273
-0.00801115
0.156995
0.12173
0.287213
0.084658
-0.342959
-0.219935
-0.0362237
0.30295
-0.0995088
-0.234086
0.274397
0.133889
0.26678
-0.02981
-0.0239963
0.0933436
0.158134
0.22098
0.399942
0.160132
0.0722726
0.125722
-0.0434868
-0.175312
0.225142
-0.164128
0.166266
-0.0964518
-0.0933719
-0.661936
-0.000656469
-0.00773256
0.633428
0.0343291
0.140567
-0.0667194
-0.193402
-0.2099
0.414925
-0.0259371
-0.223973
-0.0768755
-0.269397
0.404022
-0.211342
0.253713
0.118799
-0.199082
0.286229
0.0322434
0.0833945
0.112738
0.259127
-0.257781
0.220487
0.015392
0.0577829
-0.059298
0.182131
0.125376
-0.311205
0.0890836
0.156434
0.178383
0.131055
0.402137
0.0257383
0.0271718
0.208555
0.0154463
-0.0102991
-0.233647
0.078964
-0.119355
0.302287
0.179523
-0.0634313
0.044141
0.195047
-0.000894864
0.144506
-0.205158
0.42841
0.425239
0.14975
0.513606
0.029326
0.179153
0.082644
0.0213029
-0.00628863
-0.0600427
-0.115345
-0.0156962
0.895831
-0.244026
-0.343458
0.0235235
0.319498
0.00630867
0.0124168
-0.0950658
0.00517344
0.0166665
0.434395
-0.0794711
-0.0518696
0.0460335
-0.0667611
0.494841
-0.0646065
0.330366
0.146665
-0.275705
-0.0199791
-0.151464
-0.12216
-0.144204
0.0336177
0.0526316
-0.210391
0.0613082
0.112865
-0.0345133
-0.21793
0.127776
0.193211
0.177252
-0.181945
0.123568
0.30322
0.301015
-0.103954
0.131363
0.198728
0.0930069
0.0455866
0.0945426
0.139072
-0.196134
0.0333425
0.374404
0.201744
-0.258408
-0.216195
0.162244
0.124845
0.0613964
0.0907237
-0.244504
0.299446
0.197602
-0.456281
0.300245
-0.0234809
0.181096
-0.257214
-0.139621
0.0316131
-0.732933
0.187313
0.156383
0.175434
0.00276396
0.329024
0.411607
-0.20018
0.156179
0.155293
-0.154263
0.0266058
0.202321
0.521654
-0.265969
0.345993
0.182398
-0.250594
-0.203369
0.0919814
0.335882
-0.0225872
-0.338997
-0.0527347
0.176716
-0.175067
-0.146379
0.0247711
0.0345541
-0.0945344
0.660513
0.136636
-0.106041
0.086137
0.269593
-0.354229
0.0072489
0.215406
0.130277
0.0266605
-0.340758
-0.094703
0.0177014
-0.0942977
-0.28313
-0.0823375
-0.218071
0.0823073
-0.103165
0.213625
0.130042
0.371918
0.202969
0.0558279
-0.2014
-0.339923
-0.17573
0.0768664
0.134343
-0.0781297
0.148991
-0.248059
0.380184
-0.181171
0.117987
0.311803
-0.426912
0.0531284
-0.146323
0.0129533
0.062257
0.168363
-0.0863921
0.102185
0.28023
0.487955
-0.0027515
-0.0526316
0.0536625
-0.274407
0.013795
-0.144347
0.326844
-0.302773
0.386983
0.314705
-0.112113
-0.0545858
0.036959
-0.161068
-0.28742
0.160479
0.654258
0.117013
0.04522
-0.194314
0.228885
0.113276
0.378965
0.463105
0.221656
0.183894
-0.177913
-0.00662793
0.193178
0.0666502
-0.188226
0.0877116
0.35628
-0.279592
-0.10298
0.203831
0.146891
-0.111736
-0.00174346
0.124501
0.12162
-0.194642
0.0768491
0.149753
0.541537
0.280607
0.537087
-0.327704
0.326893
0.110203
0.354426
0.143631
-0.0569458
-0.169241
-0.105125
0.200626
0.124418
-0.136819
0.364366
-0.014053
0.0876832
0.0294577
-0.249582
0.118586
-0.123053
0.100424
-0.0877843
0.0855463
0.161302
-0.12391
-0.106349
-0.0197266
0.358838
0.140067
-0.15195
-0.123947
0.305969
0.196822
-0.0643324
0.564694
0.0810959
-0.121838
0.433179
0.35374
0.306516
-0.0269278
-0.00723449
0.0515868
0.535106
0.0673066
-0.140072
-0.0691808
-0.207679
0.170739
-0.0417344
-0.0650031
0.19446
-0.179616
-0.0649233
0.263472
0.304581
-0.382153
0.111736
-0.188783
-0.0273217
-0.258172
-0.0302073
0.435337
0.297058
0.572585
0.173058
-0.135027
0.158484
0.112758
-0.00659161
-0.244528
0.143688
-0.0739064
-0.16566
-0.15461
-0.236167
-0.208747
-0.0646033
0.376472
0.116629
0.18287
0.0937937
0.231549
-0.0114227
-0.299081
0.177998
-0.275257
-0.0873301
0.013358
0.121708
0.262011
0.255536
0.274113
0.240348
-0.135776
0.1087
0.194539
-0.169329
0.129085
0.143807
-0.290541
-0.0548287
-0.0555983
0.238764
-0.00758447
0.0726935
-0.042061
0.24981
0.132418
-0.154543
-0.386331
0.653859
0.175091
0.431426
0.197382
0.208295
-0.234954
0.19799
0.343652
0.402074
0.472189
0.242274
-0.363338
-0.301794
0.0220379
-0.26823
0.357143
0.373117
-0.338626
-0.188535
-0.116637
0.164773
-0.0667619
0.202314
0.244828
-0.175321
0.36191
-0.132394
-0.175888
-0.107842
0.15382
0.071814
0.159233
-0.143253
-0.100496
0.584739
0.0824395
0.349983
0.134204
-0.0382214
0.291834
0.410274
-0.359287
0.209632
0.141007
0.319908
0.312944
0.180339
-0.00981901
-0.15002
0.00813278
0.245045
0.150887
0.0114946
-0.164298
-0.311643
-0.176938
0.0858644
0.211605
-0.0319566
-0.126044
0.0785724
-0.0526316
0.0661884
0.308828
0.0684697
0.0897723
0.218583
0.00763106
-0.177075
0.126885
0.00657863
0.210289
0.0578813
0.132247
-0.156558
0.140117
0.120047
-0.0530424
-0.0336299
-0.143848
0.116195
0.0311463
-0.23612
-0.202675
0.312402
0.206671
0.077251
0.0894865
0.0321823
0.56182
0.21413
-0.374399
0.274827
-0.219214
0.18685
-0.103485
-0.0610704
0.0413849
0.0639555
-0.359221
0.292638
-0.115742
0.704704
0.0463064
0.319816
-0.222917
0.204191
-0.403935
-0.206775
0.192748
-0.0272333
-0.101063
0.281589
-0.228569
-0.326307
0.261826
0.113619
0.281509
-0.0213997
-0.272536
-0.0463936
-0.184048
0.357644
0.665138
-0.077252
0.151879
0.160221
0.308897
-0.000750823
-0.187409
-0.251657
0.366309
0.0519438
0.368617
0.1872
-0.133681
0.0811058
0.141041
-0.509088
0.417371
0.240225
0.70999
0.276035
-0.257202
0.194826
0.435385
0.252317
0.0189382
0.220662
-0.212476
0.184066
0.279639
-0.330619
-0.164789
0.209255
0.383665
0.158341
-0.195907
0.218904
-0.185527
0.385551
-0.27752
0.686086
-0.0344107
-0.0126124
0.234692
0.323225
0.0267936
0.314833
-0.469753
-0.0397457
-0.0841884
0.413074
0.467689
0.277882
0.241237
0.505662
0.235968
0.200545
-0.0239995
-0.0246251
-0.1213
0.169808
0.216634
0.0750332
-0.164285
0.410437
-0.047161
-0.448036
0.275197
0.0231228
-0.0882602
0.66769
-0.0610096
0.0526638
0.382945
-0.30535
0.25094
0.234223
0.249809
-0.288049
0.234095
0.00994264
0.0233159
-0.2322
0.280667
-0.218849
-0.531378
0.143226
0.157376
-0.0293797
-0.449706
-0.182598
0.0833781
0.265136
-0.131498
0.147041
-0.408934
0.142995
-0.380075
0.014751
0.0557023
-0.10613
-0.180757
0.051244
0.0667295
0.265879
0.158169
-0.229748
-0.0267294
0.0827838
0.24592
0.249833
0.127295
-0.135039
-0.103396
0.0819061
-0.22225
0.0627441
-0.0833033
-0.325184
0.107647
-0.227305
-0.0728321
-0.158297
0.228459
-0.139241
-0.140051
-0.135668
-0.31508
-0.118133
-0.0246658
-0.121535
-0.253054
0.100212
0.204017
-0.0940081
-0.12714
0.387797
0.12543
-0.0803187
0.281274
-0.0792054
0.0696397
0.439495
-0.320382
-0.00507079
0.0341473
-0.087869
-0.12237
-0.439361
-0.304306
0.176973
0.0503572
0.0470288
-0.110585
0.11054
-0.0360167
0.405243
0.128393
0.106602
0.301753
0.515278
0.0391019
0.238924
0.0278375
0.112774
0.133042
0.34346
-0.213786
0.248093
-0.172336
0.746646
0.296549
0.109324
0.188866
0.31179
0.113034
0.0398529
-0.277838
-0.194659
-0.156432
-0.190148
0.145405
0.206257
0.0416527
0.410437
0.456297
-0.00301943
0.201368
0.0898659
0.207126
-0.144861
0.0877894
0.54481
-0.182664
0.0935725
0.165664
-0.431691
-0.15773
0.00112674
0.21632
0.0115727
0.23045
-0.629931
-0.450725
-0.132561
-0.0647349
-0.00407922
-0.106148
0.64579
-0.191228
-0.134612
0.0697331
0.0382971
0.5706
0.131256
-0.174952
-0.0869745
-0.258318
0.878582
0.0173782
-0.309063
-0.153103
-0.271278
-0.0723922
0.199751
0.278137
-0.22329
0.00879928
-0.0823394
-0.0618795
0.183693
0.190127
-0.316291
-0.107066
-0.146148
0.170702
-0.163849
0.184989
0.287063
-0.116237
0.173231
0.292838
0.335821
-0.243801
0.0307116
0.186525
0.142528
0.0413252
0.507956
-0.231757
-0.12289
-0.0495771
0.00400022
0.189142
0.710735
0.033865
0.278285
-0.230954
0.278234
-0.0457381
0.0731937
-0.376178
-0.244916
0.367411
0.047648
0.0120261
0.243305
0.247447
0.225379
0.193483
0.110069
-0.435067
-0.152016
0.0229287
0.116669
0.173262
-0.24659
-0.067383
0.642546
0.0174068
-0.24319
-0.301772
-0.0274364
0.558598
-0.13015
0.193197
0.0971937
0.194806
0.269102
0.032864
0.208167
0.296188
-0.191565
-0.109051
-0.345888
0.0795797
0.110272
-0.00798578
0.108899
0.189874
-0.295138
0.0440062
0.125593
-0.085621
-0.280748
0.325819
0.071187
0.0444587
0.0408114
-0.0605202
-0.133414
-0.605667
-0.344529
0.0612333
0.210073
-0.140684
0.495507
0.109702
0.132969
0.0201141
0.0160443
0.0312747
-0.284225
0.103568
0.107453
0.102238
0.0349799
-0.177737
0.1587
0.90828
0.813354
0.169397
0.296101
0.136262
0.294259
0.228182
0.217143
0.0251499
0.373811
-0.0612925
0.12933
0.0784157
0.129416
-0.272089
0.0591021
0.161718
-0.0144343
0.483549
-0.0835648
0.295194
0.596119
-0.0273827
-0.133174
0.635356
-0.377912
-0.0796487
0.381843
-0.05222
-0.0526316
0.0260844
-0.165706
0.20417
-0.276381
0.100123
0.216102
0.0260227
0.000420755
0.0508014
-0.185915
-0.108827
0.104517
0.122184
0.0697554
-0.188715
-0.105653
0.000857687
-0.307042
-0.0879015
-0.438183
0.11428
-0.240642
-0.0913447
0.0864604
0.178665
0.320433
-0.316687
0.370084
0.209027
0.10583
-0.398603
-0.158448
0.423019
0.161839
0.228122
0.263454
0.13367
-0.35194
-0.0613347
0.000816059
0.0729019
-0.193606
0.0211129
-0.109949
-0.0272965
0.692746
-0.174018
-0.166267
-0.178186
-0.251378
-0.362238
-0.153361
0.0743788
0.222567
-0.155552
-0.0870134
0.330077
0.020922
-0.0164591
0.457188
0.304062
0.161716
0.267838
-0.043828
0.0257004
0.335954
-0.149541
0.234434
0.201318
0.0255246
-0.173609
-0.253957
-0.0162517
-0.236492
0.217521
0.589294
-0.216598
0.0611389
0.00525901
0.0660076
-0.209776
-0.0468358
0.296001
-0.260085
0.0511643
0.0502999
-0.022807
0.343452
-0.360401
0.0858716
0.0806257
0.10483
0.197757
0.0499821
0.190331
0.226078
0.169587
0.338312
-0.13105
0.234047
-0.16012
0.126145
0.016387
-0.0570983
0.310104
0.176221
-0.20778
-0.337369
0.337571
-0.0467824
-0.3083
0.168851
-0.346932
0.375987
0.179195
0.230803
0.299788
0.467689
-0.182312
0.586614
-0.07608
-0.147131
0.0398338
0.0103519
0.254278
0.119897
-0.0164112
0.0749243
0.112376
-0.152271
-0.276968
-0.377703
-0.194138
0.371466
0.144981
-0.163017
-0.33535
-0.0995053
-0.370847
-0.142714
0.229211
-0.0860802
0.18386
0.00490604
-0.0872655
-0.0661338
0.0874484
-0.0484647
0.396689
0.366807
-0.0719944
0.140937
-0.0396205
-0.127403
0.208775
-0.0268324
0.215594
0.292217
-0.0898217
0.05923
-0.0097405
0.0284515
0.0872217
0.423045
-0.343974
0.243465
-0.0283631
-0.0254329
0.162817
0.361606
0.272268
0.270414
-0.0853577
0.0405682
0.0760748
-0.118136
0.514109
-0.0718786
-0.104127
0.347822
-0.321366
-0.210868
0.220036
0.195657
-0.109627
0.206191
0.0993508
0.0341105
-0.0188394
0.18973
-0.0656232
0.000590328
0.185949
0.114872
0.371366
0.00541806
0.0159898
-0.150846
0.392101
-0.139749
0.00351904
0.292192
-0.184261
-0.274272
0.228448
0.107473
-0.24084
0.0372435
-0.179275
0.0437098
0.117509
0.330962
0.0905307
-0.218403
0.160389
-0.127838
-0.0817669
-0.395657
-0.198594
0.694236
-0.206931
0.0705734
-0.218136
0.162481
0.256729
-0.520904
0.271162
-0.203451
-0.0671141
-0.210473
-0.204903
-0.380026
0.31136
0.257981
-0.0269394
0.677863
0.0576992
0.457296
0.490943
0.0779842
0.0885504
0.107578
0.214953
-0.274754
-0.0674155
0.302525
0.211312
0.455532
0.336911
0.352715
-0.204625
0.262742
-0.107445
-0.158235
-0.115401
0.420574
-0.1546
-0.110501
0.515094
0.153473
-0.0373288
-0.229232
0.207311
-0.306232
0.592625
0.273381
-0.24713
0.184682
-0.353376
0.187966
-0.302296
0.0248895
-0.153134
-0.386223
-0.214507
-0.237156
-0.272986
0.161413
0.323284
-0.42549
-0.171845
0.362703
0.115777
0.402833
0.367088
0.243716
-0.122574
0.579856
0.115713
0.0711816
-0.0181944
0.33332
-0.0757912
0.136843
0.509779
0.388476
-0.0791762
-0.0158573
-0.235355
-0.000731861
-0.0834846
0.179014
0.106042
-0.280942
0.139751
0.191204
0.273754
-0.00846374
0.478377
0.367538
0.115634
0.640606
0.550869
0.259693
-0.145546
-0.121718
-0.226716
0.350161
0.140744
-0.176937
-0.0970771
-0.00236782
-0.340229
-0.28096
0.494587
0.346983
0.277455
0.0968232
0.292029
-0.0462323
0.40334
0.248186
-0.186522
0.0280439
-0.165199
0.272457
0.238585
0.117314
-0.0476582
0.178178
-0.0916069
-0.182
-0.13248
-0.21622
0.0742047
-0.202363
0.0970067
-0.083945
0.377102
0.0143144
-0.100339
-0.296756
-0.0637453
0.219963
-0.151494
-0.097648
-0.126144
0.236548
0.231387
-0.279942
0.388036
-0.12821
0.331025
0.162192
0.171411
-0.170243
0.337987
-0.280365
0.018672
-0.159828
0.0202023
0.157162
-0.29184
-0.189237
0.232452
0.324542
0.0611465
0.0598352
-0.316847
0.19383
0.0518254
0.483404
0.0584541
-0.0783915
-0.0771337
0.0426724
-0.158305
-0.323574
-0.0321371
0.296642
0.379542
-0.057391
0.0348476
-0.122073
0.00673946
-0.0152939
-0.103983
-0.684422
-0.0294183
-0.429193
0.155536
-0.213226
0.402258
0.549829
0.215833
-0.281582
0.137006
-0.00742914
-0.0213551
0.0440371
0.175964
-0.0622507
-0.108221
-0.199472
0.233178
0.100929
-0.45765
0.0643023
-0.0533482
-0.3332
-0.0574033
-0.372623
-0.0599197
0.150405
-0.145522
0.0317479
0.105506
-0.787162
-0.269807
0.171478
0.234614
-0.294081
0.172109
0.209139
-0.110097
-0.182553
-0.0193792
-0.128497
-0.0950595
-0.0492607
-0.160172
0.0197578
0.202605
0.0300053
-0.253028
-0.296429
0.879796
0.000326439
-0.278076
0.205723
0.401322
0.263304
-0.116014
0.112627
0.250386
0.08939
0.129418
0.0554995
-0.179698
-0.0280084
-0.260985
0.233303
0.303266
0.208477
0.146002
-0.0209841
0.101979
0.0253745
0.380263
-0.00846877
0.365876
0.345657
0.111885
0.134491
0.0406744
0.0289543
-0.0387654
-0.0123918
0.157881
-0.0887381
-0.353593
0.323874
-0.266118
0.0259968
-0.197003
-0.0385441
0.376686
0.0964251
0.231642
-0.335817
0.080123
0.122835
-0.0737678
-0.0457162
-0.0837905
-0.244145
-0.231723
0.203206
-0.105407
0.333824
0.0449087
-0.245258
-0.0480593
0.161174
0.173592
-0.101007
-0.139619
0.324328
-0.211315
0.0198062
0.689934
-0.0958148
0.0403181
0.313053
0.863993
0.380527
0.151606
0.0672924
-0.371473
-0.202817
0.271228
-0.110134
0.133579
-0.0138973
0.0655225
0.451877
-0.370194
0.00539607
-0.114623
-0.00333171
0.0873226
0.329273
-0.32086
0.0498263
-0.189579
-0.283763
0.101943
0.467173
0.124884
-0.257923
-0.0846775
0.145951
-0.014896
0.099835
0.133917
-0.0990507
-0.320787
0.254237
0.135148
0.139238
-0.10581
0.00681117
0.103644
0.418468
0.223759
0.207022
0.0928051
-0.145765
-0.219495
0.266368
0.0954166
-0.26635
-0.261396
0.451551
-0.155769
0.0620188
0.27054
0.0888361
0.156628
-0.00176374
0.135128
-0.224252
0.38515
-0.082935
0.296991
-0.0286522
0.171411
-0.208067
-0.277453
-0.0548649
-0.00148236
-0.157888
-0.244098
-0.117671
0.274142
0.189428
0.626286
0.168439
-0.0431292
-0.12727
0.23264
0.135865
-0.267739
0.0407887
-0.0684748
0.0923761
-0.0621265
0.112266
0.0377777
-0.0183124
-0.0251955
0.152931
0.169092
0.0904081
-0.0411458
-0.315592
-0.11179
-0.0374477
-0.174346
-0.0387932
0.478302
0.0840818
0.122343
0.20656
-0.228006
0.0801218
-0.359189
0.157704
-0.240993
-0.0822567
-0.244867
0.301851
0.219146
0.387852
-0.0840806
-0.17378
-0.0343911
0.000555445
0.375294
-0.313025
-0.0991465
-0.0573027
0.240224
-0.014293
0.147215
-0.278269
-0.105338
0.0914873
0.0691529
0.0230701
0.0999571
0.249152
0.160898
0.281432
0.0389127
0.301253
0.00229495
0.209882
0.561502
0.279156
0.354489
0.105074
-0.351477
-0.0277744
-0.490982
-0.242429
0.173871
0.610298
0.421441
0.116799
0.254507
-0.0490352
0.301701
0.246493
0.285737
0.0344829
0.36392
0.1429
0.267634
-0.0825699
-0.222603
0.15688
-0.194657
-0.173762
-0.0560884
-0.509056
0.277379
-0.122813
0.0542838
-0.382928
-0.0872401
0.221977
0.0640986
0.0630757
-0.311118
0.00835157
0.0679714
0.866399
0.402016
0.460563
-0.28224
-0.14378
-0.115117
0.358077
0.266489
0.0603515
-0.0471749
-0.569704
0.126107
0.0850638
-0.119256
0.342395
-0.169012
-0.446354
0.298107
0.167068
-0.299224
0.311459
-0.223015
-0.147342
-0.276014
0.151852
0.620567
-0.0883693
0.191372
-0.100273
-0.547686
0.182518
0.0489228
-0.248139
0.0249113
-0.10749
0.119475
0.0592659
-0.192378
0.273924
0.264233
0.120998
-0.0516497
-0.170628
0.164875
-0.32864
-0.364609
0.226077
-0.162225
0.171476
-0.5715
-0.0120461
0.125793
-0.49945
0.133979
0.241812
0.493258
0.443106
0.609194
-0.468522
-0.238406
0.166214
-0.0761039
0.125182
0.364916
0.101646
-0.147007
-0.185356
0.138557
0.215058
0.275098
-4.69083e-05
0.213996
-0.203508
0.00316301
0.0226431
0.0526316
-0.0846161
-0.146026
0.116936
0.241141
-0.136533
-0.362776
0.0778338
-0.123683
0.270658
-0.0153489
0.571807
0.00380036
0.167308
0.032546
0.21874
-0.0895358
0.154542
0.143644
0.371349
0.225093
0.00740577
-0.213413
-0.210274
0.380325
-0.349323
-0.0417643
0.175785
-0.195317
-0.0177713
-0.0996111
-0.0739513
0.130523
0.516559
0.00486834
0.320132
0.0606115
-0.0740776
-0.0171307
0.109057
0.264532
0.233053
0.00694662
-0.26618
-0.402767
0.483866
0.186485
0.336078
-0.100003
0.0308276
-0.628941
-0.258947
0.190462
0.0236204
0.347217
-0.1582
0.113944
-0.222426
0.123093
0.265502
-0.249786
0.347832
0.0771134
-0.256782
-0.0796929
0.320612
-0.195857
-0.0910055
-0.166086
0.13756
-0.115211
0.114081
-0.0486748
-0.121753
-0.0373481
-0.125653
0.551959
0.148093
-0.28497
-0.234357
-0.218687
-0.177027
0.324953
-0.0712632
-0.241102
-0.0563182
-0.427436
-0.129229
-0.0320567
0.116504
0.096319
-0.0447103
0.201228
0.113977
0.102852
0.367858
0.0107124
0.106802
-0.267412
0.0132939
0.119286
0.234316
-0.0984794
0.130327
0.0348548
0.205103
-0.345586
0.0560403
-0.0966969
-0.0900971
-0.077205
0.0326792
0.0789031
0.10446
0.121255
0.279556
0.111095
0.0329704
0.351804
0.032719
-0.100233
-0.0848753
0.273775
0.34615
-0.0721169
-0.0697882
0.0922583
0.041379
-0.14382
0.0871695
-0.0487513
0.0202408
0.00878438
0.547284
0.329318
0.378105
0.45883
0.333784
0.383246
-0.221227
0.151399
-0.0582382
-0.237586
-0.0164358
0.255234
-0.152174
0.35258
0.203111
0.146042
0.32519
-0.0537299
0.168931
-0.377756
0.238116
0.176503
0.439041
0.178554
0.147087
0.0443155
0.0236127
0.275767
-0.293628
0.138886
0.407301
0.21219
-0.268058
0.181291
-0.159075
0.226731
0.268966
-0.105021
0.103018
0.289689
0.339802
-0.0425053
-0.179996
0.099318
0.379484
-0.0765994
-0.0514328
-0.00429873
-0.13426
-0.195274
-0.105751
0.31589
0.254602
0.0192535
0.317032
0.179077
-0.0188033
0.0545374
-0.0932276
0.357064
-0.3693
0.302566
0.0154909
0.738296
-0.0513878
0.268373
0.318728
-0.213689
0.358794
0.237265
-0.386381
-0.0222938
-0.121733
0.42357
0.178975
-0.0500174
0.221608
0.135043
0.597661
-0.159857
0.0694949
0.587898
-0.0518868
0.176375
-0.262561
-0.264437
0.115297
-0.323047
0.12278
-0.191997
-0.13596
0.271139
0.228817
-0.158417
-0.291906
0.106488
-0.243921
0.211731
-0.212536
0.0450941
-0.0758742
0.0860974
0.252949
0.142854
0.226839
-0.154148
-0.00733254
0.116156
0.20512
0.177634
0.0191483
0.503246
0.202277
-0.227949
-0.336472
-0.125177
-0.0501034
-0.0872981
-0.0682121
-0.0388194
0.112294
0.173642
-0.0323566
-0.0465644
-0.0717248
-0.338953
0.011876
0.435445
-0.125837
-0.161357
-0.234652
0.0259101
0.113017
0.0498453
-0.227961
-0.285848
-0.0293989
-0.244273
-0.146025
-0.0322777
0.0690507
0.0850513
0.341605
-0.120939
-0.313867
-0.0805909
-0.12342
0.241081
0.428844
0.313861
0.155202
-0.135725
-0.0321897
-0.0431606
0.0762807
-0.247528
-0.11829
0.13014
0.397793
0.0439094
0.109886
0.356785
-0.138709
0.0478067
0.410437
0.187055
0.0622054
0.0703214
0.212663
0.73674
0.0403834
-0.223835
-0.159364
0.300509
-0.151622
0.131026
0.734119
-0.0540668
0.00930192
-0.257457
0.400832
-0.191211
-0.182152
0.219334
0.24119
0.129156
0.38945
0.0319337
-0.128573
-0.118847
-0.228981
0.0775818
-0.301075
0.11889
-0.0607284
0.101636
0.368485
0.147392
-0.394494
0.477438
0.418856
-0.370814
0.362964
0.406785
0.108201
-0.0677777
0.794663
0.113794
0.0302154
0.0945418
-0.138072
-0.0233815
-0.0183675
0.181168
0.609717
0.394514
0.00768196
-0.318874
0.332965
-0.240907
0.06698
0.289028
-0.0290751
0.074363
-0.433295
0.110885
-0.0133504
0.154132
0.254878
0.416428
-0.21374
0.0926944
-0.172514
-0.377261
0.214694
-0.235785
-0.174924
-0.219513
-0.108298
0.0958447
0.642546
0.381313
-0.0733824
0.0775365
0.117487
0.0169323
0.134929
0.138154
0.125666
0.0577964
0.319977
-0.11281
-0.279927
0.322777
0.223667
-0.139024
0.167812
-0.0507279
0.0753537
0.448119
-0.0264797
-0.151259
-0.048732
0.382828
-0.299166
-0.150141
0.227808
-0.364491
0.452329
0.124756
0.15316
0.0296103
0.204022
0.272741
0.0948854
0.0751741
-0.0486078
0.215317
0.161856
0.361344
0.279096
-0.369203
-0.0216159
0.29756
-0.127487
0.146787
0.231058
-0.0786955
-0.551959
0.144496
0.247328
0.147941
0.203623
0.342674
-0.171745
0.594147
-0.200081
0.125159
-0.102855
-0.102473
-0.0509066
0.134544
0.0967307
0.318589
-0.547684
-0.419868
-0.288001
0.171157
0.101996
-0.500688
0.608914
0.298899
0.105129
-0.159051
0.61795
0.109954
0.196575
0.127983
-0.139516
-0.145376
-0.0526316
-0.0282538
-0.134477
0.370098
-0.198376
0.139073
0.0545002
0.410437
0.00728844
0.163399
0.202469
-0.0895508
-0.178769
0.237089
0.0586069
0.207925
0.123726
0.0965439
0.665605
0.197346
0.106832
0.0376262
0.0775316
0.35446
-0.196925
-0.2004
-0.212626
0.196328
-0.159177
0.00110447
0.310587
0.0045599
0.249615
0.104868
0.249492
0.154516
-0.245667
0.461495
0.881808
0.0670426
0.240889
-0.186697
0.277296
0.449907
-0.321064
-0.266652
0.363867
0.153716
-0.0901743
0.295973
0.197546
-0.264383
-0.201032
0.59657
0.0931855
0.0750182
-0.0280454
0.309616
0.0248697
0.00761364
0.0444394
-0.375344
0.257686
0.185246
0.0759651
0.11882
0.198877
-0.00869464
-0.245943
-0.104247
0.247521
-0.154424
0.183615
0.138186
-0.197546
0.013414
-0.0874544
0.0436481
-0.0945344
-0.407475
-0.0882841
-0.600208
-0.0947393
0.33138
-0.353015
0.00431351
0.228576
-0.290578
-0.0517312
-0.208655
0.197283
0.0720476
0.176235
-0.125692
-0.0219
0.162627
0.243387
-0.271524
0.0926992
0.36498
-0.00642191
-0.171574
-0.105359
-0.197359
-0.276005
-0.0993717
-0.491731
0.245
-0.137221
0.11388
-0.30768
0.26308
0.0945868
0.200462
0.223814
0.294377
-0.0125155
0.378719
0.0372142
-0.0994121
-0.0780944
-0.222539
0.358136
-0.129408
0.212262
0.00300492
0.107683
0.0653175
0.727301
-0.112567
0.220891
0.224341
0.403358
-0.0713892
0.278692
-0.503261
-0.148426
-0.187374
0.187938
-0.563732
0.0166877
0.037654
-0.64538
0.070165
-0.109438
0.44466
-0.289639
0.235304
-0.107187
-0.144269
0.0430605
-0.198795
0.0796429
0.254761
0.083171
0.0232849
0.0909071
-0.094069
0.307186
-0.261222
0.290867
0.257033
-0.470549
0.203815
0.369798
0.383644
0.0540251
0.195175
0.362066
0.117818
0.0131326
0.167637
-0.173015
-0.182709
0.600528
-0.142304
0.214285
-0.0270357
0.66194
0.072447
0.0775242
-0.0815957
0.43037
0.215257
0.208047
0.21074
-0.0010609
0.199108
0.243865
0.150525
-0.134749
0.212976
0.134179
-0.0962587
0.165238
0.0667797
0.222577
-0.0194992
-0.164721
-0.241486
0.186673
0.0443815
0.280993
0.0253852
0.357303
-0.157747
0.0926903
0.146846
0.258064
-0.161387
-0.0596752
0.103255
0.0279375
0.151291
-0.0900609
-0.147528
-0.231226
0.163315
0.145742
0.048554
0.34892
-0.225681
-0.223857
-0.169316
-0.283987
0.116123
-0.191707
0.116656
0.371273
0.00435546
0.0345015
0.314245
0.16741
0.457256
0.070241
-0.0930524
0.0650939
0.284603
0.0469416
0.0110484
-0.515822
0.720699
0.123158
-0.0256326
0.186742
0.107108
0.16649
0.357158
0.204968
-0.220339
0.0456401
-0.228917
0.135023
0.443089
0.278591
0.598076
0.131087
0.337721
0.412651
0.125629
0.131009
0.069042
-0.131604
-0.174007
0.0883193
0.683471
0.280631
-0.195999
0.362797
0.341303
0.00641879
-0.0191988
-0.544496
-0.282602
-0.214756
-0.191836
-0.275925
0.349198
0.342384
-0.0295042
0.357874
-0.233525
0.0890058
-0.125025
0.00789656
-0.229352
0.36184
0.338875
-0.163566
-0.0673413
0.296268
0.397589
-0.0246163
0.838937
-0.353624
-0.110423
0.671915
-0.138235
0.55922
-0.0643546
0.149738
0.258988
0.0154067
-0.197546
0.135583
0.177453
0.226269
0.0123344
0.11897
0.356937
0.135426
-0.213685
0.236689
0.0801392
-0.185398
0.0498408
0.407519
-0.121014
-0.15331
0.376054
-0.0678312
-0.0353433
0.141156
-0.050101
-0.112672
-0.0495934
0.298222
0.145007
0.32855
0.491616
-0.17138
0.213293
-0.0121111
-0.588653
0.37594
-0.135099
-0.136626
0.342342
0.24064
0.18717
0.0152778
-0.145583
0.00180966
0.215997
0.0372111
-0.280176
0.110147
-0.249018
0.14329
0.0339428
-0.187859
0.00125656
0.198203
-0.0215675
0.156382
-0.110842
-0.103553
-0.158925
0.210468
0.161661
0.11174
0.0588945
0.137453
-0.397758
-0.328419
0.566251
0.00192866
0.109139
-0.145779
-0.0860694
0.273201
0.377295
0.251307
-0.25997
0.516297
0.0961304
0.435956
0.0503371
0.296708
0.238763
-0.0319473
-0.107013
0.324585
-0.305064
-0.277757
0.0711818
0.22277
-0.156074
0.593449
0.333511
0.383319
0.264601
0.099118
0.337936
0.0118473
-0.0546117
-0.051544
0.0372965
0.151429
-0.226751
-0.0544908
0.239148
-0.0507424
-0.273068
-0.00706326
-0.62713
-0.0758174
0.570852
0.468263
0.0613292
-0.262233
0.0813012
-0.150121
-0.279627
0.0969688
0.00742104
0.106336
0.0744797
-0.0024785
0.232194
0.355438
0.575766
0.149734
-0.275418
0.338517
0.0636921
-0.209176
0.276672
0.125387
0.215005
-0.0334472
0.0461487
-0.15921
-0.0498029
0.125438
-0.21092
0.642698
-0.118583
-0.145084
-0.0579734
-0.00750785
-0.0978793
0.21886
0.27274
0.290649
0.162249
0.173413
0.196954
-0.235246
-0.13079
-0.418236
0.527236
-0.189213
-0.17377
0.434745
0.128499
-0.0698048
-0.226566
0.020902
-0.156874
0.117099
0.250747
0.0277368
-0.293491
0.327048
0.0427662
0.0831096
0.199937
0.0742729
0.700661
0.366721
0.0684681
-0.352085
0.43114
-0.179244
0.132556
0.0942006
-0.295694
0.0990374
-0.127558
0.328536
0.566956
0.348603
0.242141
0.178519
-0.103935
0.140622
-0.0580544
0.31136
-0.35517
-0.0377636
0.157043
0.220477
0.343374
0.186666
0.596059
0.527201
0.0766477
0.275874
-0.0210242
-0.00711201
-0.0404673
-0.21979
-0.176651
-0.140453
0.0933888
0.0300665
0.185445
0.556773
0.124594
0.208626
-0.269591
0.110696
0.270767
-0.0789363
-0.166537
0.143097
-0.116178
-0.219088
0.207676
-0.163282
0.356812
0.279743
0.735736
0.26651
0.0526316
0.403615
-0.237619
0.2211
-0.225132
-0.460558
-0.0352771
0.136789
0.0982668
0.200835
0.0950012
-0.093544
0.0671
-0.273592
0.564724
-0.590843
-0.182333
-0.0917128
0.0686134
-0.105135
-0.363152
0.173954
0.159376
-0.046086
0.116392
0.0659854
0.132538
0.408224
-0.15663
0.149862
-0.054356
0.192935
0.155513
-0.349396
0.705568
-0.269351
0.244598
0.165238
-0.272627
0.777018
0.0130305
-0.0246595
-0.0960237
-0.287336
-0.317447
0.25285
0.0957373
0.119093
0.170413
-0.0308543
0.0776219
-0.0470934
-0.221142
-0.395758
-0.0569804
0.188205
-0.189333
0.327378
0.108066
0.109198
0.188658
0.045951
-0.35538
-0.330983
-0.155242
0.1277
-0.331052
0.591896
0.572515
0.327688
-0.14222
0.142175
0.00747301
0.190547
-0.0241076
0.351685
0.243487
-0.218006
0.074512
0.356119
0.0673639
0.159618
-0.0597419
-0.0322307
-0.228498
0.340783
-0.0575359
0.215272
0.201272
0.129632
-0.255069
0.143244
0.23129
0.26288
-0.193778
0.214157
0.181978
0.0131158
-0.281149
0.450496
0.0586619
0.0282545
0.0491329
-0.561877
0.271248
0.214193
-0.229677
-0.279651
-0.387543
0.0538528
0.426128
0.00114942
-0.0349192
0.162632
-0.233058
0.243717
0.0174181
0.154941
0.195773
0.0449207
0.0718641
0.0637828
0.106764
0.0129772
-0.111521
-0.235139
-0.617816
-0.103881
0.22125
0.461839
0.0383346
0.10295
0.480264
0.269916
-0.312273
0.0648595
0.137122
0.235035
0.199778
0.0927809
0.0709004
0.101352
0.325813
-0.33864
0.172357
0.199831
0.348571
-0.171142
0.215635
-0.177097
0.287278
-0.0257168
-0.00239656
0.0899619
0.346146
0.196627
-0.10547
0.152182
0.118452
0.00254717
-0.0921709
-0.620051
0.132872
-0.0220362
-0.0984214
0.167115
0.301023
0.213073
-0.20295
0.151623
0.333062
-0.0453607
0.250115
0.224661
0.195402
0.188646
0.393964
0.428717
-0.156581
0.01224
-0.500688
0.0815264
0.225239
0.372166
0.175611
0.105576
-0.0514838
0.121433
-0.0625833
-0.13612
0.173891
0.671571
-0.179601
-0.347558
0.467397
0.0555567
-0.116848
-0.169047
0.60636
0.240873
0.229243
0.0753028
0.17045
0.421972
-0.124013
-0.0230404
0.446874
0.209582
-0.165238
0.0757415
-0.16812
-0.0617863
0.414061
-0.0230328
-0.0867412
-0.0872672
-0.158294
-0.487572
-0.287123
0.0345051
-0.183367
-0.0978859
0.34272
0.073846
0.0429392
0.320889
0.0100853
0.150853
0.227661
0.00730437
0.101735
-0.235402
0.125458
-0.0909875
0.0367258
0.456387
-0.0595495
0.252747
0.0801337
-0.200105
0.184409
0.228955
0.380336
-0.209408
0.0996482
-0.141769
-0.113178
0.139606
0.293178
0.60368
0.075853
-0.277132
0.173572
-0.0127725
0.29102
-0.116952
0.192308
-0.0130429
-0.120884
-0.174864
0.0584738
-0.0142926
0.0866877
0.244686
-0.206515
-0.199815
-0.216523
0.141409
0.39563
-0.222835
-0.0979964
-0.0870662
-0.182069
0.236846
-0.0749441
0.0562026
-0.0843767
-0.10268
0.0608323
0.0927385
0.133456
-0.0203542
-0.0489397
-0.103926
0.0919911
0.240849
-0.115365
-0.016597
0.146526
-0.46899
-0.233659
0.357228
0.467689
-0.541229
-0.0101815
-0.240706
0.260452
-0.570282
0.0229145
0.0768172
-0.00486565
0.0135133
0.0251412
0.100012
0.294549
-0.423874
0.00239934
-0.0225735
0.076481
-0.100115
0.452392
0.129149
-0.231179
0.296206
-0.124757
0.227657
-0.13104
0.400843
-0.450357
0.26548
-0.306712
0.280923
-0.136151
-0.560297
0.157735
0.285064
0.379355
-0.154669
-0.0683209
-0.335879
0.143309
-0.16347
0.120299
-0.154179
-0.177304
0.0200237
-0.314705
0.208484
0.0730045
0.0730015
0.181656
-0.211804
7.36658e-05
-0.219788
0.283739
0.230558
0.111735
-0.0171375
-0.326419
0.213957
0.196149
0.238974
0.19892
-0.0989572
0.0562489
-0.0644894
-0.254072
-0.0551304
0.275344
-0.363725
0.309718
0.038228
-0.161737
0.115449
0.55577
-0.157441
-0.281431
0.322935
0.373271
0.410437
-0.18966
-0.282806
0.146409
-0.3366
0.422255
0.13017
0.152281
-0.133342
0.0692214
0.345164
0.0798503
0.206437
0.679173
-0.136298
0.0813075
0.8582
-0.257787
0.252143
0.404696
0.132912
0.337456
0.074318
-0.0440312
0.136395
0.309491
0.218222
-0.28866
-0.145281
0.432221
0.162652
-0.0131579
-0.11075
-0.300565
0.00611645
-0.20501
-0.409939
-0.328061
0.296019
-0.103475
0.013069
0.226826
-0.13353
-0.0990201
-0.183216
0.169139
0.32149
0.22804
-0.228331
0.378323
-0.0431006
-0.281703
-0.224044
0.0849559
0.15966
-0.26363
0.410354
-0.227776
-0.218737
0.222923
-0.193161
0.532893
0.261342
0.294378
-0.207101
-0.301321
0.230631
0.191959
-0.103876
0.259073
0.129375
0.164621
-0.161193
0.233497
-0.0978387
0.205176
0.123751
-0.016621
-0.48618
-0.278058
0.0434635
0.0163917
0.172735
0.0833051
-0.133542
0.0362872
0.0911206
-0.076233
0.0360246
0.173501
0.215332
0.284248
-0.0334543
0.0694203
0.0104288
-0.108407
-0.33844
-0.149336
-0.317771
-0.199945
0.179
-0.086447
-0.0649498
0.048623
-0.0514343
0.0797845
0.642546
-2.76004e-05
-0.352906
0.00566133
-0.133567
0.08775
0.0017348
-0.230186
0.155262
0.0961803
0.216486
0.331983
0.179612
-0.404103
0.283286
0.306484
0.082558
-0.0307692
0.258975
-0.225315
-0.38082
0.105539
-0.0948423
-0.00940709
-0.12213
0.0950136
0.0710551
0.155438
0.614484
-0.0270948
-0.32741
-0.0732956
-0.191534
0.240386
-0.206322
0.271074
0.126073
0.219885
-0.198994
-0.293389
-0.0361501
-0.27456
0.142991
0.190485
-0.146777
0.361165
-0.12455
-0.062459
0.110902
0.265419
0.352923
-0.086981
0.365061
-0.232263
-0.00828783
0.0164235
-0.00766912
0.00983919
-0.0191009
-0.433529
-0.240741
0.378261
0.316632
-0.158245
0.107916
0.136028
0.212821
0.357951
0.0851169
0.132709
0.129407
0.0168314
0.401451
0.280403
0.0771986
-0.197526
-0.0980275
0.0724342
0.0951328
-0.254908
0.184569
-0.0126995
0.210676
0.0945001
0.277906
0.104087
-0.189963
0.135094
-0.0271215
0.0385646
-0.255645
-0.260384
-0.386616
-0.105167
0.142376
0.424851
0.0662622
-0.0733842
0.377599
-0.014194
-0.291837
0.159969
0.172456
0.111653
-0.035324
-0.0176431
0.357739
-0.246316
-0.0951418
0.440924
-0.0748247
0.082005
-0.108889
-0.130698
0.111877
0.0592436
-0.257884
0.614928
-0.0842896
-0.0500874
0.315138
-0.0930631
-0.142789
0.109049
0.0305341
0.398126
-0.0583644
0.201613
-0.249476
0.0590805
-0.106987
-0.198876
-0.111479
0.310991
-0.303967
0.0656466
0.232538
0.266191
-0.129349
0.19498
0.362107
-0.0429548
0.100017
0.399388
0.198815
-0.380566
0.180879
0.161026
-0.143286
0.0131854
0.304542
-0.330859
0.0124108
-0.200436
-0.102635
0.144158
0.308413
0.436673
0.150693
0.107566
0.0691724
0.138895
0.100122
0.311827
0.146649
-0.0131152
-0.305347
-0.218524
0.15582
-0.589802
-0.21806
0.077321
-0.042737
-0.186079
-0.0495437
0.161229
0.0988216
-0.0240995
-0.0293633
0.286896
0.00367254
0.0683439
0.264602
0.0723957
0.158986
-0.361869
-0.393712
-0.208777
-0.257239
-0.209765
-0.112505
-0.0380226
-0.12147
0.143422
0.117823
-0.203274
0.313634
0.0444745
-0.092474
-0.187228
-0.226087
0.342988
0.279534
-0.132669
-0.0283438
0.229062
-0.165162
0.245177
0.3353
0.0935537
0.182094
0.291098
0.0747645
-0.160856
-0.322091
0.0918543
0.278683
-0.248395
0.127742
0.137856
-0.0892249
0.370253
0.246145
0.0570542
-0.00425642
0.117735
0.0373316
0.250331
0.240821
0.00466391
-0.256122
0.28471
0.175568
-0.101568
0.0749328
0.120452
-0.0427887
0.741802
0.117269
0.0515608
-0.351171
0.118705
0.00246374
-0.153806
0.353744
0.327449
0.11105
-0.0979095
0.076875
0.0526316
0.314503
0.0614057
0.0228559
-0.0965184
0.1269
0.255126
0.434901
-0.270733
0.0799895
0.0586708
0.0408531
0.198531
-0.08395
-0.245871
0.468409
0.228858
-0.0628672
-0.278149
0.236039
0.677234
-0.0146088
0.185903
0.0440131
-0.149046
0.0704971
0.34744
0.303545
-0.284265
0.14835
-0.0481535
-0.111787
0.078315
-0.210475
0.108603
-0.495224
0.238838
0.0265516
0.314152
0.340519
0.272344
0.187879
0.055813
0.149289
0.0600997
0.251276
-0.00840591
0.265074
-0.355395
-0.0825123
0.234845
-0.286434
-0.00969808
0.127311
-0.304966
0.151833
0.459922
0.368121
-0.126721
-0.252654
-0.132856
0.254235
-0.188098
-0.0154529
0.114472
0.275145
0.0146321
0.270788
0.320123
0.00329877
-0.0187024
0.388894
0.678915
0.16634
0.253102
0.17668
-0.0497259
0.158235
0.302491
0.0620667
-0.365199
-0.611967
0.0971589
-0.245101
0.152766
-0.246465
-0.190475
-0.114358
0.397221
0.0872553
0.0520783
-0.171859
0.116465
0.454905
-0.305818
0.0757795
0.207978
0.568561
0.117001
0.124557
-0.112674
0.319641
0.174237
-0.0411278
0.28133
-0.2768
0.11705
-0.180144
0.204068
0.163883
-0.0758834
0.312837
-0.0496669
0.613886
-0.291627
0.183636
0.00664781
-0.529336
0.261978
-0.490217
-0.119027
-0.036308
0.155507
0.344185
-0.164888
0.191225
-0.0892371
0.432071
0.106181
0.157447
-0.0327975
0.244756
0.140674
0.125168
0.237829
0.321825
0.0042296
-0.000680774
0.0596383
0.263557
0.520113
0.800565
0.330804
-0.284335
-0.247283
-0.0504344
-0.28167
0.189148
0.042142
-0.124898
0.229187
0.253522
-0.403572
0.119774
0.0123795
-0.0133113
-0.0755342
0.0786656
0.222126
-0.0576726
-0.252017
-0.135155
-0.113735
-0.0693058
-0.110441
-0.250624
-0.12668
0.496112
-0.239228
0.116664
0.5706
-0.23191
-0.348669
0.181468
-0.209457
-0.414152
-0.106634
-0.0142808
0.128408
-0.347374
0.174344
0.0276564
-0.125586
0.060241
-0.166703
0.351608
-0.0225196
0.750027
0.21079
0.116992
0.259999
0.196759
-0.176145
0.0625252
-0.420546
0.378562
0.246133
0.496666
0.175055
0.492251
-0.147441
0.12725
0.101788
0.14116
-0.122374
0.00155722
-0.178356
-0.0740103
0.118448
0.238327
-0.0223825
-0.0526316
-0.251505
0.0181802
0.26384
0.420399
-0.0621351
-0.212069
-0.642546
-0.298621
0.060445
0.0814707
0.265903
-0.0817639
0.0192851
0.0219611
-0.0377797
0.00750193
0.0646234
0.299319
-0.0963065
-0.405378
0.226642
-0.0299465
-0.296285
0.168197
-0.158588
-0.0342731
-0.144554
-0.202875
0.625599
0.0521121
0.0497799
-0.120533
-0.26155
0.259613
-0.292642
0.0729915
0.289313
-0.227482
0.0130438
0.196526
0.0828836
0.197546
0.109693
0.0883705
-0.0425486
0.458936
-0.25529
0.294576
-0.276368
-0.0126403
-0.07793
-0.120913
-0.195903
-0.191408
-0.205487
0.106385
-0.0362444
0.785209
0.0300083
0.519561
0.174218
0.152445
-0.105497
-0.161506
-0.227426
-0.256424
0.259495
-0.161267
0.117166
0.583234
-0.257425
0.192092
-0.257859
0.0196634
-0.0780866
0.0440526
-0.187071
-0.0631237
-0.0544965
-0.0328875
0.000530636
-0.0219847
-0.0249413
-0.185255
0.633989
0.0287816
-0.136088
-0.00884626
0.360086
0.169653
0.107524
0.0984128
-0.0606987
0.466644
0.0839487
0.113817
0.0932548
-0.224451
0.293925
-0.0646428
0.306531
0.0702663
0.29497
-0.143008
-0.136604
-0.113531
-0.0191163
-0.0335418
0.341199
-0.355965
-0.00432708
0.132417
0.350696
-0.219232
0.428005
-0.0467621
0.0544623
-0.395371
-0.0851207
0.155932
-0.213891
0.39787
0.160422
0.0801261
-0.047699
0.264771
-0.0354655
0.287948
0.0373948
-0.130816
-0.24452
-0.163058
-0.293136
0.35271
-0.437771
0.153964
-0.0235155
0.19401
-0.0959114
0.123009
0.106596
-0.101194
0.307297
0.0763995
-0.229881
0.171325
0.263813
0.0763618
-0.118281
-0.236101
0.09261
-0.0362261
0.075516
0.101999
0.0592744
-0.00299755
0.261629
0.157355
-0.264453
0.237717
-0.044373
0.090274
-0.318925
-0.132011
-0.234425
-0.261868
0.114026
0.263974
-0.0260058
-0.0555682
0.194013
-0.206588
0.317183
-0.0720933
0.0305075
-0.280719
0.1297
0.0426972
0.460093
0.277588
0.180003
0.161866
-0.271347
0.258885
-0.131036
-0.181605
-0.0854492
-0.126112
-0.281344
0.156879
-0.155983
0.110099
0.081117
-0.17714
0.581034
0.00511043
0.196579
0.262308
-0.229258
-0.139039
0.0378722
0.14962
-0.128349
-0.189562
0.356441
0.154578
0.125475
0.351326
0.0334981
-0.134704
0.15706
-0.277493
0.117643
0.0454738
0.340004
0.110571
0.141339
-0.0213452
-0.106555
0.198648
0.344738
-0.181874
0.506136
0.869426
0.185159
-0.0210155
0.421161
0.363353
0.436459
-0.335555
0.0431328
0.451831
0.15553
-0.00264887
-0.273471
0.285027
0.387314
0.362839
-0.291774
-0.114956
0.0309334
0.197759
-0.365262
0.0755485
0.271734
-0.130304
-0.181258
0.0343529
-0.143127
-0.0201589
0.153633
-0.409233
0.714725
0.196274
-0.458417
0.338378
0.105282
-0.0436145
-0.095231
0.0780956
0.146855
-0.0803922
0.301399
-0.315991
0.25667
0.455235
0.0690956
0.294445
0.00910486
0.119812
-0.201566
0.240374
0.525302
0.303407
0.11696
-0.0898909
-0.0198122
-0.083384
0.440551
0.219363
0.245736
0.269089
0.583346
-0.225662
0.376992
0.262792
-0.0138894
-0.291133
-0.0700556
-0.10301
0.193875
0.562783
0.100077
0.15093
-0.178381
-0.392202
0.322408
0.102032
-0.167521
0.0392605
0.11077
-0.138828
0.180397
-0.00407891
0.205811
0.0471398
-0.262776
-0.236024
-0.131063
0.0132135
-0.0815913
-0.222389
-0.173514
0.352969
-0.00249463
0.108898
0.113579
-0.427454
0.185922
0.137376
-0.163979
-0.245983
0.127399
-0.264698
0.149156
0.186286
0.242917
-0.0119547
0.181186
0.180602
0.0738572
-0.209145
0.296403
0.250275
0.03661
0.135136
0.0321414
-0.00441878
-0.0115918
-0.0475225
0.482469
-0.144423
-0.136838
0.00611923
0.300731
0.0388503
0.34693
0.306506
-0.0669263
-0.129995
0.0428854
0.275237
0.1079
-0.0731392
-0.344786
0.26981
0.168085
-0.209316
0.197546
0.372101
0.180726
-0.421334
0.162536
0.205856
0.0323553
0.414556
-0.0371903
0.00486425
0.0739602
0.318602
0.0231257
-0.0470272
0.144647
0.376605
0.439106
-0.0758915
-0.0672307
-0.0540578
-0.357953
-0.0242341
-0.278253
-0.134968
-0.22115
-0.0742411
-0.141115
0.248355
0.214596
0.159808
0.273128
-0.120952
0.236314
-0.0327305
-0.27364
-0.225307
0.254647
-0.0556996
0.236649
-0.1609
0.297227
0.0530175
-0.187346
-0.439894
-0.160872
0.0502163
0.0642484
-0.07329
0.207065
-0.363485
0.13364
0.184214
0.225398
0.114349
-0.0236082
0.202557
-0.346607
0.166702
-0.0194892
0.048079
0.222064
-0.0125749
0.283151
-0.126341
0.0501176
-0.0162213
-0.224424
-0.325082
0.310018
0.31384
-0.407829
0.464641
0.450968
0.239328
0.272582
-0.385665
0.000989933
-0.093063
-0.202428
0.0380287
-0.086396
-0.330335
0.0398447
-0.114339
0.0264108
-0.209482
0.208724
0.240753
-0.0433414
0.433884
0.333752
-0.226553
-0.111306
0.0918426
0.200696
0.0233942
0.0980424
0.33506
-0.0748064
0.257845
0.705218
0.12103
0.00373187
0.808318
-0.188417
0.246076
-0.163518
-0.00900447
0.175608
0.17963
-0.0530181
-0.0409599
0.340077
0.259965
-0.21718
-0.113011
0.0608646
0.0598879
-0.538778
0.825972
-0.498058
0.173129
-0.114294
-0.374535
0.142822
0.209307
0.0213638
-0.00750524
0.321046
-0.167479
0.2316
-0.0236307
0.182457
0.216346
0.445174
-0.0571632
-0.139933
0.119818
0.0612463
0.24041
0.73446
-0.280823
0.206855
-0.624991
0.107304
-0.316379
0.172731
-0.112889
-0.0703436
0.305763
0.0669172
0.124339
0.0958471
0.0534918
0.0412574
0.11856
0.102483
0.267809
-0.24153
-0.0516229
-0.125467
0.253453
0.211007
0.106346
-0.0461247
0.375923
-0.221719
0.0848037
0.0606075
0.0101745
-0.189521
-0.109246
-0.0109508
0.0468209
-0.00226215
-0.0495084
-0.222115
0.0339643
-0.0247406
-0.0758538
-0.169803
0.0338644
-0.445413
-0.281595
0.0151442
0.121413
-0.0919875
-0.181856
0.215863
-0.238525
-0.110606
0.0516369
0.409298
0.218778
0.0767329
0.0239473
-0.102591
-0.255962
-0.150777
-0.00219016
-0.17184
0.0226877
-0.278421
-0.0794589
0.115882
0.0133469
0.305895
-0.470953
0.230361
0.0391303
0.0553299
-0.237047
0.300227
0.156622
-0.0689854
-0.155534
0.254881
-0.182065
0.0174664
-0.0857061
0.0963821
-0.280044
-0.0330591
-0.0250882
-0.0873558
-0.0359905
0.24775
0.405963
-0.278317
0.0869553
-0.0391635
0.53721
0.0531778
-0.0781945
0.0891371
-0.0985689
-0.159316
0.111372
-0.128433
0.45411
0.410731
0.191944
-0.409134
0.414219
0.256421
0.30857
-0.280882
-0.154288
0.29199
-0.0538248
0.00574879
0.163154
0.547637
0.381582
-0.216563
-0.233889
-0.357069
-0.265396
0.419263
0.642546
0.0285836
0.432458
0.0996156
-0.1983
0.371884
-0.128813
0.410437
-0.251588
0.640263
-0.237698
-0.142602
-0.00215199
0.15569
-0.0471887
0.114383
0.0979069
-0.186757
0.233315
0.136331
-0.019632
0.494965
-0.108322
0.117862
0.323307
0.252448
0.208621
-0.0737365
0.148442
0.355267
0.130432
-0.263869
0.188294
0.0201201
0.166562
-0.018563
0.103561
0.138384
0.28313
-0.0360938
-0.200629
0.11358
-0.154095
-0.137712
-0.197084
0.26547
0.244723
0.0254504
-0.0174495
0.34698
0.367938
-0.0583574
0.0121839
0.181805
-0.307438
0.0627537
0.109394
0.159764
0.326019
-0.211873
-0.0340619
0.0620845
0.0444077
0.328863
0.0708055
0.173721
0.10727
0.161865
0.193265
-0.144848
0.144278
0.0797935
0.055742
-0.134047
0.148178
0.143799
0.158461
0.190789
-0.0498103
0.0132999
0.190156
0.292514
-0.00116772
-0.1803
0.0264022
-0.148299
0.222358
-0.328467
0.243491
-0.191568
0.137153
0.621485
-0.17785
-0.0926935
0.0113063
-0.0734761
-0.2921
0.248871
0.37991
0.172061
0.346293
0.216208
0.567298
0.168226
-0.404899
-0.14434
0.33482
-0.0711627
0.09471
0.28293
0.160613
-0.00960661
-0.0637664
0.216617
-0.221183
0.221519
-0.13638
0.0220928
0.267043
0.0689044
0.1105
-0.0479016
0.0964947
0.775664
-0.281205
0.0619596
-0.065276
-0.0190157
0.0437862
-0.316268
0.0347779
-0.077622
-0.00271455
-0.237918
0.0442783
0.152364
0.257598
0.125231
-0.0126071
0.00735915
0.381498
0.127941
0.151218
0.0784319
0.607021
-0.339956
-0.0413567
-0.288764
0.155117
-0.221451
0.223849
0.055449
-0.0981727
0.0107601
0.126924
-0.216643
0.28286
0.129337
0.179472
0.228882
-0.315449
0.112389
0.162825
0.0854136
0.217551
-0.015142
-0.356745
-0.0328498
0.101294
0.125412
0.360852
0.16697
0.0526316
0.280194
0.253935
-0.0259492
0.175413
-0.145823
-0.0741108
-0.219849
-0.218795
0.173998
-0.0408179
0.28015
0.198309
-0.186424
0.124946
0.124201
0.0867644
-0.439711
0.0343695
0.209839
0.108221
0.159663
0.0961058
0.355113
0.35794
0.357552
-0.237502
-0.0876586
0.169432
0.160458
0.036139
-0.0673351
0.00997791
-0.0919502
0.246297
-0.0461303
0.249301
-0.144744
-0.0569983
0.356139
0.0278339
0.189012
-0.0275473
-0.0359713
-0.099331
-0.0952523
0.0803964
-0.0691993
-0.232586
-0.0484965
-0.21241
0.0767375
0.120905
0.0963202
0.639026
0.429391
0.248852
0.219976
0.551959
-0.147935
0.105794
-0.112194
0.289383
0.15457
0.485702
0.271602
-0.206231
0.132746
-0.0184293
-0.221358
-0.0403854
0.214532
-0.169666
-0.268779
0.163942
0.239058
0.328174
0.458601
-0.0495956
-0.252279
0.321248
0.229313
-0.0138475
0.334245
-0.143977
-0.353421
0.296309
0.258319
-0.0868761
0.750043
0.126442
-0.064987
-0.269313
-0.042161
0.0328057
-0.443532
0.057522
0.180652
0.272806
0.283527
0.248958
-0.153087
-0.269374
-0.0911889
-0.0235993
0.144551
-0.221516
-0.808959
0.182225
0.0289203
0.0825744
-0.213572
0.118946
0.0468429
0.0745661
-0.0282834
0.723845
-0.0784995
0.0433167
-0.30899
0.220924
0.380061
0.164539
0.376425
-0.0409072
0.141928
0.205966
0.00488382
0.0793
0.291358
0.0101624
0.0474918
0.564622
-0.325733
-0.079439
-0.0243278
0.278755
-0.335706
0.481663
0.364456
-0.224999
0.288538
0.192968
-0.0878256
-0.232287
0.417458
0.260827
-0.595485
-0.0365251
0.0145539
0.0860573
0.242708
-0.406883
0.551959
-0.0945344
0.159226
-0.161698
-0.356631
-0.168989
0.138737
-0.434365
0.164725
-0.145666
-0.128334
0.132972
-0.0581873
-0.305759
0.079195
0.0230528
0.0570277
-0.261359
-0.076032
0.071041
-0.38112
-0.106845
-0.137285
0.129336
-0.0471991
0.138459
0.0989912
0.289511
-0.042728
0.107275
-0.010077
-0.380959
0.0776205
0.343887
0.27743
0.151004
-0.0419083
-0.0506135
0.0846809
0.0783217
0.484634
-0.0528339
-0.0367397
0.247459
0.394659
0.0734037
0.0954213
0.106097
-0.0107947
0.0895743
0.185662
0.0169426
-0.0165346
-0.101653
-0.0925426
-0.243658
0.0947973
-0.212656
0.279087
-0.220709
-0.0238467
-0.204847
0.108104
-0.222592
0.35981
0.76313
0.289662
0.0617278
0.0652315
0.41324
0.109789
0.133128
0.152318
0.358653
0.202296
-0.628539
0.132436
0.00430746
-0.143577
0.0517652
-0.049774
-0.424005
0.0515888
0.0666275
0.0087327
-0.0826004
-0.155566
0.0568525
0.119577
-0.020111
-0.200128
0.145696
0.614135
-0.230485
0.0985537
0.182932
-0.035722
-0.0130775
0.574985
-0.288744
-0.0326903
0.1694
0.159642
-0.389833
0.0631341
0.0556891
0.349209
-0.275635
-0.19464
0.0565629
-0.263425
0.449186
0.137649
0.145597
-0.166678
0.0363779
-0.394982
-0.336309
-0.0308824
0.337737
0.121979
0.158521
0.0661543
-0.183751
-0.182279
-0.275881
-0.153641
0.00600377
0.138909
0.415304
-0.18179
0.261862
0.279586
0.0611951
0.00980545
-0.319361
0.0540375
0.106124
0.0168846
-0.088975
0.249675
-0.0098272
0.0535298
-0.238068
-0.0675928
0.253189
0.357179
-0.0218587
-0.0502402
-0.198134
-0.163085
0.0124655
-0.127702
-0.103869
0.12807
0.0193075
-0.00394684
0.237632
-0.201012
-0.0285302
0.461037
-0.0515622
0.237869
0.0179038
0.0742706
0.0106905
0.285641
-0.277967
-0.0188962
-0.0989152
-0.0953971
0.422434
-0.116127
-0.434838
-0.00162878
0.0120221
-0.167528
0.0533535
-0.193962
0.187702
-0.163261
0.33347
-0.0261289
0.041982
-0.106702
-0.107492
0.0888661
0.067627
-0.207861
0.026183
-0.23495
-0.0352397
-0.100824
-0.115233
-0.280311
0.281015
-0.260148
0.0207071
-0.0184349
0.425199
0.210172
0.0868006
-0.108482
0.248312
0.17769
-0.107359
0.158861
-0.244971
0.165237
-0.104801
0.463033
-0.222179
-0.0791826
-0.182316
-0.0323703
0.359237
0.0485747
0.0737525
-0.0904909
-0.12209
0.118341
0.278731
-0.16214
-0.211458
0.192419
0.694106
-0.308601
-0.235353
-0.0826594
-0.0934497
-0.381046
0.14575
0.251973
0.132975
0.192765
0.13154
-0.409128
-0.142355
0.72113
-0.304429
-0.169242
-0.190427
0.125088
-0.104276
-0.208157
-0.0708482
0.0948868
0.212168
-0.110958
0.0822291
-0.0991889
0.161006
-0.164528
-0.199932
-0.21743
-0.346597
0.382082
0.402677
0.0627048
0.0915755
0.619274
0.326188
0.0967381
0.342229
-0.152652
-0.186539
0.0220167
0.0369874
0.275889
-0.172635
-0.334085
0.375769
-0.171571
-0.115885
0.189943
0.423496
0.413269
0.23795
-0.120878
-0.328508
0.289591
0.0100199
0.380109
0.207361
0.048133
0.639536
0.0705986
0.071163
-0.0645673
-0.280817
0.138134
-0.00517895
0.115227
-0.200976
-0.303404
0.0878384
-0.332123
-0.038685
0.0770084
0.334456
-0.231907
-0.0763247
-0.454274
0.139665
0.197967
0.270711
-0.108287
-0.340734
-0.447573
-0.108611
-0.622726
0.146769
0.0437329
0.0433298
0.0101018
0.158564
-0.0765233
-0.0652974
0.0532152
-0.105762
0.105124
-0.057181
0.2943
0.0332937
-0.0738294
-0.0650442
-0.0149688
0.0623424
0.0642705
0.375355
-0.00294449
0.407225
-0.0699539
-0.0126329
0.608325
0.0122891
-0.307948
0.0345468
-0.13988
0.0174619
0.0381511
0.122515
-0.453044
0.179393
0.281532
-0.280962
-0.124147
-0.0869236
0.318085
-0.358942
0.0635435
0.156199
-0.376029
0.505883
0.16521
-0.0753538
0.187507
0.634054
0.247167
0.0971226
0.277868
0.0057151
0.0844528
0.0342942
-0.214992
-0.240623
0.204589
0.418458
-0.185201
0.278646
0.2781
0.00982754
0.014735
-0.085713
-0.175193
0.266948
-0.328255
-0.161731
-0.0766596
-0.26343
0.24836
-0.266371
0.19688
-0.171856
0.623385
-0.149752
0.211217
0.082959
-0.378125
0.364801
0.114258
0.12516
-0.0237564
-0.0846802
0.151796
-0.0293011
0.0611423
0.0678492
0.337211
0.00641855
0.15967
-0.188371
0.0536299
0.4642
0.166337
-0.190858
-0.074406
0.0294283
0.0319275
-0.00797705
0.188577
0.209716
0.141096
0.2796
-0.009406
0.163495
-0.0087201
0.19635
0.250223
0.219596
0.337021
-0.21449
-0.211647
0.0732536
-0.0301782
-0.331194
0.248235
-0.0690753
-0.0509777
0.0549029
0.161676
-0.250736
-0.0399604
0.121882
-0.205995
-0.0395678
-0.325047
-0.143361
-0.163856
-0.381145
0.199234
0.0043132
-0.0631047
-0.205948
0.0645715
0.0990279
0.173432
0.278222
-0.0644767
0.232715
0.34108
-0.22919
0.0548553
0.18784
-0.108176
0.170345
-0.215387
0.0132869
-0.253595
0.149946
0.372902
0.00427232
0.0686091
0.262835
-0.427236
0.234981
0.288824
0.0315441
0.415305
0.410437
0.281601
0.0933557
0.0674434
0.0997767
-0.058228
0.0561635
0.406919
0.154758
0.241303
-0.143817
-0.28139
-0.309619
-0.0156314
0.0908203
0.0795167
0.313092
-0.0195288
0.180535
0.132144
0.560231
0.0334628
-0.17753
-0.00472815
0.269875
0.0460381
-0.037528
-0.425185
-0.368891
-0.483474
-0.143331
0.0453248
-0.279428
-0.153223
0.0253359
-0.0576907
-0.0203339
-0.157727
0.205524
0.325645
0.0913246
0.148373
-0.0208499
0.150628
0.236242
-0.217028
-0.141357
-0.0446259
-0.177853
0.0601351
0.0532031
0.348906
-0.0523374
-0.0718593
-0.175007
-0.103481
0.258746
0.134885
-0.215623
-0.200197
0.219916
-0.0443969
0.253506
-0.238934
0.27375
0.231708
0.285466
0.204483
0.0578838
-0.126798
0.106761
0.514011
0.163793
0.339159
0.144046
0.400627
0.00690315
-0.406086
0.142843
0.220281
0.181816
0.217511
-0.198317
0.0118315
0.144638
-0.33172
0.26758
0.305198
0.0533426
0.341234
0.396259
0.0271747
0.153182
0.117296
0.328707
0.14373
0.306958
0.0188483
0.0414969
0.135159
0.138823
-0.014012
-0.0156148
0.12432
-0.137826
0.170115
0.157019
-0.122219
0.291854
0.424172
0.132142
-0.335491
0.271393
-0.220854
-0.0560327
0.0796714
0.273206
0.00674364
-0.362545
0.000560959
-0.301729
0.0261648
0.0526316
-0.0914257
0.0900566
0.175598
0.195941
-0.0517352
-0.0123081
0.0328339
0.255665
-0.0635243
0.0222305
-0.147919
0.264923
-0.255719
-0.0318659
-0.383014
0.0107089
0.281367
0.486686
0.39227
0.381126
0.0526316
-0.251694
-0.0333403
-0.0530602
-0.210476
-0.000570237
0.0473275
-0.215783
-0.272504
0.308868
0.00574993
0.0623681
0.284224
0.302439
0.331032
-0.059532
-0.0892055
-0.0599808
0.434484
0.0873323
0.155132
-0.0875392
-0.0888987
0.0374628
-0.465109
0.174299
-0.292775
-0.358268
-0.0907327
-0.00781109
-0.218509
0.376259
-0.139822
0.215323
0.0567059
-0.0515585
0.045191
0.295601
-0.0460002
-0.277489
-0.163188
0.283264
0.196888
-0.0800325
0.0296782
-0.315897
-0.239307
0.0289225
0.083288
-0.176894
0.121362
0.378522
-0.0287239
0.0303922
-0.0936251
0.292902
0.433369
-0.139332
0.411483
-0.112384
-0.0531512
-0.0437017
-0.117569
-0.3435
-0.108088
0.122299
0.217387
0.0680104
0.0872633
0.0432606
0.17931
0.278279
-0.186134
0.226343
0.0781326
0.136238
-0.187226
-0.240961
-0.454023
-0.0711503
0.618894
-0.211252
0.0911308
-0.151869
0.147381
-0.00549114
0.0382263
0.207106
0.212167
-0.169424
0.233175
-0.125766
0.0109002
0.674069
-0.12217
0.0613292
-0.0486698
0.238271
0.791217
0.00352966
-0.368991
-0.158747
-0.0401948
0.180142
0.385263
0.0245309
0.406059
-0.00790257
-0.231635
0.742349
-0.151045
0.0526316
0.38733
-0.302681
-0.464944
-0.393467
-0.164187
0.00392788
-0.133279
-0.00849376
0.310503
0.0921786
0.249722
-0.0157909
0.0669371
0.327093
-0.371407
0.265566
0.208974
0.114538
0.0792924
0.158633
-0.130257
0.500746
0.0577788
-0.0784652
-0.103534
-0.156906
0.213965
-0.261355
0.512777
0.270884
0.277339
-0.13504
-0.359435
0.386028
0.105485
0.343421
-0.190188
-0.148302
-0.314708
0.22852
0.168704
-0.0668883
-0.0921283
0.215022
-0.105393
-0.369095
0.0246096
0.0939976
-0.0274934
-0.299015
0.295329
-0.189977
0.0383252
-0.0563596
-0.224977
0.459326
-0.353841
-0.166081
0.149075
0.188023
0.0605947
0.0241375
-0.0654758
0.0660204
0.655101
-0.0406123
-0.0811666
-0.167662
0.107822
-0.130511
-0.241666
-0.0833581
0.0632861
0.249685
0.161016
-0.175236
0.162751
0.594816
-0.0093438
-0.0698196
0.515231
0.247843
0.166439
0.0515338
0.208989
-0.0493354
0.199577
-0.101004
-0.424288
-0.171917
0.237101
-0.275407
0.234972
0.232989
-0.0915468
0.216271
0.102731
0.146805
0.15817
0.51143
0.168143
0.191962
-0.19292
-0.813338
0.15642
-0.0430212
0.333869
0.160455
-0.280532
-0.0546774
-0.0123039
0.326738
0.0322215
-0.0505637
-0.0779917
0.10399
0.198566
-0.165389
-0.293044
-0.00720862
0.175994
0.220234
0.389871
0.332716
0.184644
-0.0866885
0.0987109
0.0982689
0.642546
-0.0604333
0.405158
-0.0636077
-0.183675
-0.0389594
0.0493561
-0.0137176
0.0323241
-0.283501
0.0393606
-0.13756
0.164087
0.0171909
-0.018597
-0.364818
-0.146811
-0.376375
-0.28511
0.531836
-0.35594
-0.0171685
0.173578
-0.303644
-0.0543169
-0.185329
-0.0650812
0.51989
0.353252
-0.238044
-0.0755793
0.269455
-0.0666512
0.0330281
-0.163231
0.0285035
-0.153287
0.0214388
-0.00725957
-0.127208
0.179395
0.0533714
0.0259608
0.108845
0.11112
-0.164146
-0.0625415
0.405481
-0.193531
0.224949
-0.00332357
0.0693965
-0.0507849
0.417783
0.410819
-0.200799
-0.348078
-0.0405954
-0.321558
-0.0756543
0.0727862
0.131047
-0.102405
-0.165416
-0.0377104
-0.151336
-0.12419
0.0314803
0.276734
0.394171
0.123943
0.260449
-0.148769
0.372128
-0.532643
0.260438
0.133953
0.0494505
-0.278729
0.0367239
0.266154
0.120221
-0.302182
0.108946
-0.2482
0.335675
0.163627
0.195038
0.0777996
0.297979
0.0985033
-0.228505
0.424122
0.276079
-0.123696
0.180857
0.379935
0.120663
-0.054327
-0.145066
0.0253296
0.158283
0.0637347
-0.00551288
0.133585
0.156897
0.258141
-0.282462
0.237079
-0.342806
0.131158
-0.23247
0.179457
0.0996474
-0.0944777
0.16209
0.314675
0.144823
-0.00339728
0.254638
-0.376065
-0.205662
0.100554
-0.19179
0.0387714
-0.237284
0.0869985
-0.179571
0.367903
0.0424612
0.0349917
0.106591
0.142209
0.265954
0.258481
0.186799
-0.0567078
-0.00887252
0.115043
0.128892
-0.0208509
-0.168723
0.130925
-0.105581
0.00560118
-0.00937331
-0.156285
0.154251
-0.0999859
0.512819
0.0161796
-0.0246546
0.158864
0.0143834
0.0951229
-0.415332
0.550091
0.221987
0.110589
0.365966
-0.185504
-0.119953
-0.0641192
-0.20657
0.0428901
-0.281587
0.362434
-0.0999845
-0.0405493
-0.122194
-0.335219
0.412495
0.25542
0.206359
0.0757266
-0.0116083
0.0582882
0.119723
-0.0294256
0.367844
0.596618
-0.130886
-0.0459086
-0.0812842
-0.171715
0.294069
0.113458
-0.219369
-0.330693
0.312435
-0.31661
0.178786
-0.185886
-0.349933
0.310004
0.24429
0.385342
0.22792
0.0290881
0.187675
0.0564598
0.0286155
0.348518
0.220086
-0.180283
0.27091
0.0548641
-0.666939
-0.143622
0.432931
0.317695
-0.0365244
-0.278726
-0.169661
-0.0438133
-0.0290848
0.222469
0.127351
-0.252976
0.499891
-0.130145
-0.121865
0.117671
-0.040594
-0.129218
0.00426025
0.0489595
0.11097
-0.276854
0.501133
0.26426
0.167145
0.0172712
0.043632
-0.00734024
0.251714
0.0552855
-0.064018
-0.194316
0.443936
0.279686
-0.184369
0.032035
0.251737
-0.0834852
0.428765
-0.00277084
0.156522
-0.0124772
0.0267517
0.163796
0.0718237
0.372202
0.122712
0.302041
0.286115
-0.170187
-0.0732998
-0.204434
0.296513
0.362899
0.24393
0.247772
0.187557
0.511944
0.431569
0.236317
0.280071
-0.263376
0.0467644
-0.0277983
0.0830832
0.346801
-0.389095
-0.220592
-0.0252145
0.194465
-0.191012
0.3228
-0.298152
-0.0914021
0.0643998
-0.137697
0.242338
0.202579
0.268729
-0.174121
0.181995
0.297388
-0.127835
-0.118976
-0.036498
0.168183
0.218894
0.0947632
-0.0142889
-0.323295
0.0597142
0.154198
0.858549
0.335487
0.0594463
-0.221354
0.186957
0.174111
-0.0599376
0.526178
0.156513
-0.0200719
-0.199924
-0.48711
0.175179
0.247136
-0.351141
0.0532251
0.140765
0.0530188
-0.0487473
0.307633
0.163675
-0.0122869
0.302645
-0.063825
0.134352
-0.15866
-0.56233
0.0211975
-0.128152
0.0613292
0.223785
0.120941
-0.0871212
0.221967
0.109532
0.0316565
-0.118065
0.144468
-0.271273
0.21592
0.236507
-0.0185099
0.0677845
-0.11692
0.0787949
0.137471
-0.0567932
0.0810758
0.314318
0.30875
-0.0307568
-0.213226
0.490507
0.0387181
-0.0664986
0.288969
0.312739
-0.268294
-0.210102
0.2788
-0.062449
0.000425785
0.246456
0.0145618
0.608544
0.312873
0.0526316
-0.196227
0.110628
-0.183277
-0.132298
0.0840935
-0.225208
0.00638321
-0.0791953
-0.111036
0.0301777
-0.250843
0.0508831
-0.23274
0.164981
-0.0224798
0.618983
0.114529
-0.264039
0.181692
0.154959
0.246277
0.271231
0.0854825
-0.272774
0.335977
-0.294827
-0.138119
0.38223
0.35015
-0.411699
0.268361
0.0689367
0.0254969
0.063517
0.00225255
-0.0240634
-0.157276
-0.0801955
-0.0249746
-0.103876
0.327833
0.0552949
0.0375239
-0.0112288
-0.324991
0.213399
-0.143628
0.446105
-0.449489
-0.121967
0.0970692
-0.00134919
0.0240291
-0.0961452
0.817186
-0.0841699
-0.0402136
0.18755
-0.269655
0.40214
-0.0656064
-0.200267
0.675567
0.249591
0.747125
0.481888
0.265201
0.0119424
0.124482
0.00202245
0.585119
0.217744
0.132
-0.0517465
-0.273111
0.242923
0.349316
0.501655
0.0738286
-0.332757
0.0220567
0.0914974
0.125275
-0.0572044
0.195218
0.140087
0.282869
-0.139266
-0.334736
-0.0150035
-0.285479
-0.217335
0.0521884
-0.0207967
0.267207
0.159221
-0.185305
-0.163274
-0.0625159
0.0337052
-0.184575
-0.0780288
0.183987
0.171659
0.114996
-0.159041
0.00999655
-0.20794
-0.0799643
0.28016
0.86047
-0.113213
0.171364
-0.336194
-0.0690539
-0.123034
0.265904
0.313807
0.0226114
0.358986
0.15584
-0.135632
-0.0196772
0.12421
0.269905
-0.391062
0.48767
0.1869
-0.22985
-0.0677526
-0.10147
-0.0536741
-0.327708
0.113534
-0.255055
-0.163125
0.551959
-0.0922901
-0.000887065
0.0561748
0.31136
-0.339154
-0.11868
0.233075
-0.0113377
0.280647
0.103675
0.074714
0.220842
0.623707
0.303755
-0.408789
-0.252135
0.0568405
0.014523
0.431693
0.0384368
-0.101597
0.283974
-0.237242
0.286441
-0.0284234
0.334961
-0.056902
0.107036
-0.346461
-0.188636
0.0977217
0.196015
0.165319
0.220994
-0.433477
-0.209409
-0.567581
-0.13918
-0.426118
-0.0866532
0.490662
0.452377
0.606061
-0.251484
-0.0791542
0.255462
-0.0509416
0.0683752
-0.0725174
0.259607
0.3699
-0.114137
0.0519454
-0.133445
0.0131089
0.221807
0.331228
-0.0212918
-0.107456
0.366861
0.193019
0.148653
0.237869
0.189779
-0.145339
0.369298
0.254055
0.359422
-0.183406
-0.00577229
0.258837
-0.0451422
-0.0199403
0.000103568
-0.0553389
0.00832094
-0.182176
0.0597689
0.24194
-0.279771
0.0616729
-0.101036
0.310222
-0.239124
-0.0257
-0.00359958
0.396203
-0.110515
0.00569179
-0.10953
-0.270934
0.316917
0.0797481
-0.356196
0.0210156
0.325849
0.235631
-0.016285
0.346331
-0.380938
0.309702
0.10069
0.0461195
0.118478
-0.0562537
0.290346
0.332418
-0.287198
0.0969173
-0.0430022
-0.0424858
0.0508477
0.0347006
0.126037
0.0220295
0.369333
0.30721
0.513303
-0.0551617
-0.0283559
0.169781
-0.0730976
0.177513
-0.00210351
-0.164128
-0.184438
0.0803027
0.0802973
0.0247599
-0.0322038
-0.241648
0.19611
0.178843
0.0708688
0.274713
-0.118482
0.269615
0.362446
-0.0696168
-0.175841
-0.0621685
0.0433431
0.642546
-0.0552869
-0.0752387
0.16145
-0.0795267
-0.236988
-0.186479
0.328838
0.200731
-0.360395
-0.104461
0.286521
0.118169
0.667176
0.165649
-0.0270441
0.29972
-0.330849
0.236346
-0.15403
0.0819509
-0.416865
-0.224655
-0.118301
0.692087
0.207686
0.611342
0.0139668
0.203931
0.0763073
0.0494681
-0.0772892
0.0559692
-0.168671
-0.0259324
-0.240275
0.0628047
-0.179219
0.281028
0.185872
0.358055
0.262187
-0.184882
0.523512
0.202419
0.113955
-0.108006
0.165134
-0.0960883
-0.0449971
-0.0494243
-0.217764
0.254711
0.151444
-0.502703
0.243171
0.044274
-0.27733
0.259944
-0.0277327
-0.307614
-0.0809307
-0.0922134
0.24948
-0.201357
-0.0890906
0.16177
0.0554178
-0.217478
0.0808532
-0.222207
-0.160611
-0.444592
0.140583
-0.0710192
-0.168563
-0.122548
0.0561296
-0.101132
0.307202
-0.100103
0.0131334
-0.114476
0.243119
0.261386
-0.230712
-0.067708
0.366293
0.074548
-0.311802
0.174885
-0.0475241
0.212901
-0.137697
-0.396113
0.222716
0.414653
-0.0239499
-0.352101
0.309007
0.148781
-0.168394
-0.133167
0.27319
0.102323
0.205583
0.0851622
-0.213722
0.523252
0.0634033
0.70916
0.22307
-0.0317911
0.225473
0.109512
0.0537162
-0.194285
-0.102375
-0.106147
-0.0695639
0.252947
-0.318064
0.0540676
-0.101556
-0.319861
0.0851632
-0.0422733
-0.110541
-0.116699
-0.334385
-0.130409
0.156039
-0.114585
-0.382046
-0.0737277
0.325765
-0.149432
-0.262377
-0.265394
0.210679
-0.140978
-0.264349
0.201861
-0.0496109
-0.105975
0.295325
-0.39446
0.068046
-0.10119
0.130398
0.115861
0.134425
0.0657295
-0.168331
-0.118035
0.0455228
0.0960678
-0.159188
-0.111283
0.0669562
0.401452
0.540357
-0.140814
0.749867
-0.337644
0.36804
-0.0084111
-0.213953
-0.340314
0.201855
0.11388
0.107856
-0.0641521
-0.121705
-0.106466
0.145319
0.0148221
-0.0246606
0.431213
0.037493
-0.149701
0.224783
-5.10709e-06
0.113939
0.0911675
0.141494
0.642546
0.295529
0.274686
-0.0374243
-0.0419185
0.244922
-0.277108
0.0299394
-0.21375
-0.0575235
0.410437
0.0450195
0.00275797
-0.307992
0.120247
-0.0421446
0.0835346
0.0541875
-0.0958473
-0.283706
-0.00538839
0.103771
0.378744
0.158149
0.273171
0.171235
-0.241656
0.0488799
0.118099
0.0349127
0.264066
-0.0488087
0.0257898
0.539217
-0.136131
0.0235705
-0.0728059
-0.321654
0.629102
0.362774
0.265844
0.4473
0.518438
-0.128972
0.221818
-0.02861
0.0697355
0.0380353
0.220589
0.204854
0.388204
0.139208
-0.0289748
0.277148
-0.798098
-0.539423
0.383977
0.213108
0.305663
-0.118856
0.286982
0.105789
0.119669
0.257164
0.0393442
0.323974
0.125108
0.00714718
0.00530505
0.379571
0.0702423
0.150395
0.0229253
0.0892753
-0.140544
0.0581416
-0.0402389
0.0810307
-0.0384605
-0.237906
-0.25616
-0.248962
0.406311
-0.125382
0.0627667
0.227886
0.448134
0.16611
0.00521684
-0.18514
0.216851
-0.160724
0.0582744
-0.0580945
-0.285868
0.129271
0.216284
0.0696851
-0.100658
0.168453
0.137855
-0.0478074
-0.0100032
0.0837111
-0.487062
0.0931502
0.29202
0.0168823
0.560582
-0.0893289
0.367623
-0.00850936
0.014078
-0.455447
-0.00845347
-0.0503645
-0.00656971
0.243798
-0.0151802
0.016019
-0.12353
0.345608
-0.0266283
0.0117219
0.343293
0.16645
0.136821
0.141811
-0.140651
0.331291
-0.196839
0.00969161
0.325943
-0.0325654
-0.103697
-0.00169234
0.289225
-0.462709
0.686889
-0.403246
-0.484807
-0.415208
0.245051
-0.0408396
-0.277668
-0.250509
-0.132334
0.172734
0.134175
0.541879
-0.319127
0.315916
-0.0955254
0.391952
0.201244
0.231015
0.0108263
-0.298183
0.00862157
-0.0367982
-0.0526483
-0.334285
-0.00244913
-0.144273
0.150531
0.223846
0.243857
0.149506
0.135114
-0.031471
-0.0130707
-0.0765985
0.232334
0.39602
0.14597
0.225828
-0.27632
-0.604452
0.387604
-0.191596
0.0230539
0.19549
-0.131855
-0.098044
-0.0550686
0.73658
-0.557737
0.35316
0.347916
0.108592
-0.0102437
-0.187452
0.373453
0.535986
0.324406
0.0986527
-0.217145
0.139213
0.281311
0.0867352
0.271286
-0.0290854
-0.0188392
0.214758
-0.0549772
0.564492
-0.163022
0.198395
0.262379
-0.0650149
-0.298582
0.00646739
-0.104206
0.0436593
-0.0618449
-0.203403
0.278895
-0.0434049
-0.142451
0.0388052
-0.405742
-0.0223179
0.398974
-0.572012
0.147474
-0.127241
0.162367
0.706531
-0.0487814
0.0153395
-0.167566
-0.0640032
-0.154401
0.073146
-0.425098
0.203901
0.154957
-0.00543731
0.410437
0.272031
0.0641469
0.191528
0.0790536
0.2015
-0.136151
0.133706
-0.0509682
0.0536623
0.0377209
0.0373123
0.189985
0.0379978
0.212729
0.527268
0.143371
0.0268926
0.132544
-0.232276
-0.102452
0.281557
-0.0066453
-0.0338804
0.198868
0.190142
-0.555616
-0.0921961
-0.282219
-0.121266
-0.204706
-0.188491
0.0494913
0.138295
-0.150863
-0.0946414
0.187787
0.203681
0.464224
0.00545062
0.190779
0.211327
0.132538
-0.146145
0.27343
0.188163
0.120484
0.0957469
-0.193351
-0.118997
-0.140694
-0.032839
-0.222921
0.0786137
-0.0554883
0.202056
0.21582
-0.252582
0.309434
-0.255777
0.0667413
0.254823
0.0569793
0.387169
0.169303
-0.211364
0.16447
-0.595518
0.00353382
0.319801
0.144132
0.236132
-0.208433
-0.190845
0.268533
0.182088
0.167074
0.352369
0.368005
-0.0072639
0.0862745
-0.312722
0.792665
0.109923
0.18305
0.279021
-0.19264
0.2397
0.253231
0.0509903
0.186283
0.487035
0.111412
-0.175811
-0.157748
-0.148048
-0.108472
0.0635634
-0.0806228
0.252163
-0.135999
-0.065747
-0.024773
-0.0573646
0.1922
-0.382816
-0.0482435
-0.0551833
-0.073706
0.110299
-0.0753652
0.132566
0.184249
-0.245101
0.0375881
-0.0406595
-0.111501
0.408302
0.0452877
-0.296722
-0.280419
-0.186132
-0.174885
-0.413261
0.216956
0.354509
0.0700387
0.482401
0.622653
-0.23809
0.240172
0.035456
0.388965
0.308787
-0.154635
0.551959
0.298668
0.156457
-0.354559
0.154328
0.258007
0.164541
-0.162201
0.168999
-0.126097
0.288585
-0.0329832
0.0515956
0.390519
-0.386597
-0.106857
0.102316
-0.397573
0.378215
-0.0513308
-0.31136
-0.111484
-0.19408
-0.341562
-0.386288
0.0681093
0.204464
-0.0562448
-0.112137
-0.100931
-0.0329792
0.302282
-0.0848658
0.0480678
0.135345
0.141543
0.607254
0.269943
-0.0299161
-0.307074
-0.145936
0.500478
-0.312064
0.274321
-0.0038342
-0.134387
-0.841346
0.294264
-0.069508
0.183328
-0.138383
0.0822771
0.317543
0.227734
-0.174808
0.0590208
0.11397
-0.39239
-0.350319
-0.167856
-0.173361
-0.150302
0.227307
0.192107
-0.113191
0.172952
0.176215
0.0384539
0.207578
0.0482757
0.0575703
0.0447816
0.156986
-0.228486
0.079043
0.137214
-0.367314
-0.191603
0.147033
0.135128
0.0307225
0.357848
0.0787407
-0.128035
0.0948715
0.19022
-0.102891
-0.146365
0.259708
0.309868
0.0150983
0.0892661
0.228403
-0.0251537
-0.184323
-0.110566
-0.255479
0.240815
0.14475
0.129508
0.667775
0.323422
-0.344243
-0.578802
0.274197
-0.418623
0.0730677
-0.387554
-0.00384202
0.275018
-0.0746056
0.162073
0.229029
0.120216
0.225555
-0.0879326
0.373163
0.710729
-0.0868369
0.242665
-0.052119
0.442261
0.0946314
-0.361595
-0.162735
0.208168
0.0113197
-0.00316259
-0.00734632
0.280857
0.0628059
0.175282
0.0124579
-0.122448
0.203911
0.650322
0.121914
-0.0805527
0.254791
0.519935
0.245116
-0.397359
0.428921
0.142365
0.183914
-0.341875
0.264025
0.196323
0.185406
0.0854784
0.0787579
-0.0535126
0.0872618
-0.0388349
0.260186
-0.401367
0.708097
-0.111203
0.49696
0.0321529
0.224996
0.0587058
0.572782
0.215498
-0.256428
0.169682
0.193621
-0.18873
0.142445
-0.0343732
-0.20354
-0.211621
0.168179
0.124704
-0.0751784
-0.267437
0.15788
-0.0193417
0.231123
-0.213785
-0.43492
0.0512683
0.359365
0.341497
-0.346888
0.434861
-0.200081
-0.278442
0.122507
0.271422
-0.122482
-0.0420715
0.161864
-0.284452
0.28403
0.0835913
0.230961
0.0723696
-0.0191904
-0.231301
-0.0260633
-0.0925028
0.40677
0.72113
-0.0510198
0.704704
-0.0615834
-0.00774947
-0.44393
0.0708961
-0.124298
0.181052
-0.0213907
-0.0170337
0.0205852
0.31257
0.341975
0.0211898
0.297587
-0.262777
0.246762
0.285682
0.227334
-0.137813
-0.0410959
0.499832
-0.218983
0.266849
0.0319154
-0.271838
-0.253155
-0.172991
-0.0987107
0.148165
-0.138053
0.0857218
0.196956
0.101877
0.134406
0.315466
0.127605
-0.284549
0.588883
-0.19515
-0.219776
0.183483
-0.0504529
0.214024
0.0572384
0.551959
-0.283028
-0.210756
-0.0368486
0.642546
-0.0104198
0.134668
-0.0680671
-0.116813
0.239829
0.198937
0.0294661
0.0676385
0.0573128
-0.235743
0.221961
0.283607
0.0135788
-0.159977
-0.131797
-0.32243
0.0860802
0.0281452
0.0413422
-0.292159
-0.154142
-0.348561
0.14913
0.0940382
-0.259898
-0.376282
-0.230825
0.0595689
-0.19692
-0.226049
0.26674
0.228223
-0.27182
-0.116701
0.0417759
-0.0346711
0.241708
-0.00729835
0.443261
0.0365213
-0.229678
0.370533
-0.259231
-0.305547
0.222078
-0.0633018
-0.0677256
0.278588
0.158393
0.0927695
-0.0185917
0.0609296
-0.0402152
-0.082015
-0.0450911
-0.281383
0.0896249
0.0132996
0.170629
-0.16747
-0.232289
0.112325
-0.0968557
0.616337
-0.261982
0.185651
-0.185731
0.192302
0.133094
0.410627
-0.292483
0.202427
-0.306599
-0.0159074
0.0944956
-0.263761
-0.103815
-0.121654
0.30118
-0.046807
-0.0886064
-0.373539
0.00915734
0.0641345
-0.268515
0.0342911
0.0526316
-0.11636
0.262018
-0.0952706
-0.0237015
-0.0765957
0.0583956
0.00837544
-0.11608
0.278187
0.113611
-0.126706
0.157886
0.114551
-0.143001
-0.0124661
-0.217885
-0.0577881
0.0909485
0.328129
0.0947275
-0.0074854
0.226874
0.345341
0.308576
0.267929
-0.00200386
0.0562027
0.107717
0.148636
-0.111453
0.0591595
-0.191791
0.190632
-0.0865814
0.150658
0.249642
0.204393
-0.255945
-0.0185298
-0.0968421
0.125414
-0.0401116
-0.319066
0.286355
0.0789576
-0.136969
0.11473
-0.320046
0.0913022
-0.252523
0.360873
0.0226298
0.10637
-0.0012934
-0.0373565
0.0211172
-0.327671
-0.0773075
0.465123
0.111266
-0.00395549
0.197887
-0.186906
0.263463
0.160799
-0.118839
0.242368
-0.210153
0.336472
-0.21635
-0.0119788
0.136425
-0.211087
-0.170699
-0.093325
-0.0117499
0.316378
-0.0351007
-0.104417
0.0829295
-0.17159
-0.00678298
-0.0385209
-0.117362
0.410437
0.353495
0.311002
-0.199278
0.0938079
-0.140215
0.190266
0.154085
-0.0928354
-0.104358
0.172707
-0.192196
0.100331
-0.0387369
-0.322388
-0.000707848
-0.175414
-0.33251
0.41965
0.324286
0.152998
0.420693
0.0534175
-0.117485
0.130864
0.242888
-0.0639298
0.192199
0.194454
0.0510315
-0.244466
0.236749
-0.203726
-0.0203406
0.034729
0.298757
0.0181575
-0.275217
-0.465065
-0.281132
-0.119868
-0.186566
0.248157
0.180938
0.388425
-0.328638
0.128604
-0.185573
-0.224244
0.0307012
0.0560128
0.245032
-0.00154634
0.0267235
-0.118283
0.314322
-0.241722
-0.0756214
-0.176981
-0.235097
-0.0906576
-0.302836
0.221886
0.191035
0.789611
0.217678
-0.175931
-0.0904916
0.251807
0.0453314
-0.123928
-0.393014
0.0142787
0.0834589
0.347866
-0.167011
-0.165209
0.666862
-0.0878813
0.0627268
0.0895402
0.328945
0.215802
0.278184
0.121192
-0.382742
-0.123909
-0.167451
0.221238
-0.173103
0.20545
0.0708997
0.0519584
0.173889
-0.234976
0.0775662
-0.342385
0.0353907
0.110934
-0.0499751
0.265562
0.124813
0.275081
0.275794
-0.00659038
-0.261881
0.364393
-0.0786732
0.323914
0.167929
-0.159475
-0.0154359
-0.349922
-0.214297
0.014274
-0.00576735
-0.0682231
-0.245411
-0.0551525
0.349491
0.195127
-0.231886
-0.0749449
0.0643879
0.0904925
-0.190828
0.282814
0.0810869
-0.323317
-0.0966906
0.188336
0.340707
-0.27797
-0.223696
0.15922
0.121585
0.520652
0.267534
-0.0227751
-0.26374
0.194747
-0.167232
0.154615
0.0679981
-0.180103
-0.173244
0.32494
0.122882
0.106992
-0.175691
-0.116074
-0.121134
0.287075
0.206743
0.461733
-0.0324936
-0.041629
0.273488
0.0742663
-0.0354413
-0.133753
0.376402
-0.165519
-0.0722464
0.0914194
0.119675
-0.126412
-0.056411
-0.0790228
-0.460505
-0.156741
0.10735
-0.0865809
0.37242
-0.161815
-0.0600981
0.243946
0.290508
0.377897
0.229746
-0.407674
0.168382
0.344323
-0.224956
0.326098
-0.148215
0.293287
-0.163629
-0.183585
0.198321
-0.348518
-0.00186834
-0.296349
-0.47539
0.301156
-0.0774137
0.604649
0.173312
-0.130793
0.21865
0.0712836
0.118758
0.172171
0.0727819
-0.0994128
0.0634227
0.012861
0.175714
-0.202334
0.305302
-0.0187165
-0.0643319
0.116533
-0.0869148
0.252187
0.139574
0.0314107
-0.0746577
0.243292
0.187306
-0.0463628
-0.16985
0.0113504
0.194795
-0.367549
0.164501
0.0525209
0.123012
-0.0526316
0.0484804
0.194246
-0.0453965
0.231501
0.0829301
0.259041
0.0831342
-0.0109545
-0.0287456
-0.230963
-0.411639
-0.202152
0.342046
-0.105643
-0.219786
-0.169564
0.0531809
0.164515
-0.420606
0.237031
0.151998
-0.226783
-0.230666
0.266778
-0.312304
-0.0269438
0.164692
0.486174
-0.0513636
0.289553
0.19282
-0.235483
-0.141487
0.0907402
0.37416
0.226667
-0.0639475
-0.164063
0.127223
-0.377468
-0.130954
-0.623726
0.0808189
0.0409346
0.145649
0.307934
-0.16262
0.09705
0.103832
0.3215
0.5706
0.014326
0.167701
0.0629451
-0.275863
-0.302596
0.106978
0.31755
-0.0113393
-0.276048
0.18121
0.0929442
-0.354155
0.437043
0.391623
0.308898
0.0729226
-0.2816
0.0530795
-0.331095
0.547045
0.0909356
0.207014
0.300521
0.449659
0.214747
-0.201375
0.0142843
-0.620763
0.690993
-0.220517
0.0145922
-0.267062
-0.25625
-0.101659
-0.113286
-0.0362796
0.382585
-0.293297
0.277412
0.00081695
0.124559
-0.026218
0.222256
-0.332137
0.416566
0.125668
0.340001
-0.0452628
0.0273481
0.11545
-0.170402
-0.110969
-0.303231
0.163081
0.116431
0.194293
-0.0571671
-0.119101
0.0497379
-0.012748
0.0924312
0.0403167
-0.194691
-0.326998
0.227119
-0.0493509
0.0745214
-0.0107617
0.23297
-0.0275131
0.221679
-0.153489
0.00314268
0.112363
0.202805
-0.0408038
0.180208
0.0837915
0.0500108
-0.172757
0.0982888
-0.050104
0.0131263
-0.111795
-0.169264
-0.0295451
0.193678
0.140122
0.338347
-0.161436
-0.233322
0.0197517
0.136155
-0.0649257
0.166951
0.251597
0.233191
-0.0644492
0.119029
0.0642276
0.410437
-0.192496
-0.141103
0.0812149
-0.229451
0.266811
0.078634
-0.181325
0.361816
-0.109085
-0.252126
0.0979334
0.162294
0.225737
-0.20514
-0.626286
0.0967675
0.138899
0.30304
-0.120403
0.276978
-0.106529
0.0267809
0.0919094
-0.0298512
-0.0526316
0.206964
0.0940126
0.385863
0.164128
-0.052799
-0.085745
0.256842
0.150921
-0.383071
0.490352
0.00199865
0.338148
0.0937856
-0.110088
0.0692879
-0.187013
-0.083157
-0.157618
-0.147175
0.165732
0.112811
-0.0448039
0.187615
-0.0757628
0.229669
-0.368304
0.238578
-0.132292
-0.144758
-0.192528
0.270699
0.230656
0.418815
0.0169035
-0.0891475
0.121656
-0.0201178
-0.163178
-0.0319526
0.0769065
0.231385
0.342842
-0.0787966
0.341835
0.0944136
-0.148542
0.133297
0.0447026
0.0352639
0.0589392
0.0330932
0.166437
0.344029
0.100721
-0.103818
0.0883039
-0.286834
-0.176876
-0.0264224
0.159561
0.218313
0.116017
0.217476
-0.0240336
0.591473
-0.0731454
-0.0119653
-0.191252
-0.184711
-0.0800739
-0.107797
-0.522868
-0.223466
-0.0373924
-0.00850687
-0.0613794
0.0101231
0.410437
0.197546
0.367488
0.0621097
0.321003
0.558351
-0.118122
-0.132065
0.063209
0.121802
0.245133
-0.283139
0.415509
0.0280472
0.214463
0.132177
-0.0120545
0.183023
0.00656382
0.200719
0.19601
-0.189523
0.0598292
-0.490706
0.297849
0.358952
0.380171
-0.116406
0.233611
-0.348014
-0.186828
0.263606
0.33606
-0.214136
0.640291
0.755496
0.134644
-0.0888205
-0.0356202
-0.0236869
0.500688
0.316569
-0.021121
0.305583
-0.20133
-0.0725522
0.275213
0.167126
-0.225272
-0.184079
-0.287054
0.106209
0.357807
0.246085
0.133712
0.254826
-0.0933054
-0.549977
0.316013
0.103274
-0.185956
0.136491
0.164622
-0.307278
0.198045
0.159365
-0.0236665
0.10614
0.277529
0.0984574
-0.0713731
0.223347
-0.112387
-0.244264
-0.0783835
0.178988
0.0215472
-0.114722
0.426278
0.320127
0.15485
-0.0394381
-0.0905212
-0.090042
-0.088475
0.384442
0.0672437
0.0526316
0.256247
0.216133
0.280186
-0.223842
0.297572
0.385707
0.178286
0.364386
-0.0945954
0.286403
0.031233
0.0574501
-0.12092
0.403276
-0.0005459
-0.170168
0.132972
-0.179994
0.0637964
0.158194
0.143413
0.147743
-0.175435
0.180297
-0.0931548
-0.258895
0.051197
-0.283002
-0.381779
0.013436
-0.349319
0.117985
-0.275291
-0.217301
-0.359123
-0.121646
0.151842
0.176551
-0.0219638
-0.0358331
0.0887597
-0.100182
0.533611
-0.289032
0.0300563
