0.00922498
-0.116461
-0.224081
-0.281481
-0.297907
-0.289158
-0.108998
-0.158315
0.43989
-0.00948432
-0.334239
-0.190048
0.796977
-0.17813
0.234778
-0.0698831
0.00652404
-0.232855
0.0771207
-0.49019
-0.282111
0.25684
0.297907
-0.283016
-0.228623
0.270382
-0.231516
0.796977
-0.212597
-0.00213399
0.268481
-0.23151
0.165863
0.234482
0.475881
0.201369
-0.490924
-0.796977
-0.277542
0.205061
-0.0976162
0.294298
-0.44581
0.225386
-0.225132
-0.796977
0.0429777
0.19176
0.796977
0.219796
0.215344
0.311343
-0.796977
0.187739
0.796977
0.217037
0.288369
0.309605
0.22861
-0.286573
0.221629
0.188811
0.796977
0.108112
-0.0792456
-0.246538
0.202544
0.143484
-0.211517
0.284771
-0.0465662
-0.297907
-0.0940709
-0.0759893
-0.17494
-0.220421
0.297907
-0.191136
0.212739
-0.297907
-0.134682
0.156189
-0.796977
0.109266
-0.253902
0.202829
-0.339385
-0.505771
-0.279688
0.269684
0.879204
0.144116
-0.21447
0.796977
-0.00807749
-0.494935
0.139613
-0.0526455
-0.25901
0.171276
0.170048
-0.189014
0.208631
0.106572
-0.244027
0.462429
0.0435842
-0.0994047
-0.0408273
-0.0024784
0.300337
-0.0181622
0.101444
-0.305883
-0.159138
-0.605535
-0.164321
-0.495786
0.0986878
0.605535
-0.210353
0.203879
-0.0458823
-0.351678
-0.102777
0.197026
-0.243594
-0.126132
0.108762
0.197887
-0.170538
-0.302766
-0.436111
-0.102944
-0.605535
0.387111
-0.0957297
0.482459
-0.0285346
-0.262912
0.341263
-0.252451
-0.277966
0.190837
0.178238
0.0259866
0.20503
0.209917
0.106376
-0.271329
-0.42618
0.431556
-0.0273692
0.230591
0.21987
-0.605535
-0.0277536
0.148118
0.0593417
0.413775
0.0655857
-0.351678
0.0927261
-0.0794294
0.249706
0.131565
0.0925965
0.000563062
-0.488
0.0724618
0.112721
0.381012
0.431556
0.488
0.488
-0.190795
0.605535
0.189994
-0.330883
-0.27067
0.124459
-0.17291
0.177881
0.0338292
-0.349889
-0.605535
0.0753589
0.368556
0.149054
-0.488
-0.100977
-0.131875
-0.446847
0.351678
-0.232529
-0.605535
0.290443
-0.0850665
-0.200547
0.132384
-0.152588
-0.00131683
-0.311474
0.0476366
-0.37613
0.518171
0.0645335
0.192875
-0.316124
0.300043
-0.0564864
-0.062512
-0.247149
-0.0579478
0.351678
0.488
0.00135787
0.20892
0.00392463
0.249153
-0.183013
0.605535
0.351678
-0.000657535
-0.350216
-0.0315142
0.12928
0.367274
-0.209264
0.121468
0.605535
0.444823
-0.105816
0.488376
0.576509
-0.380363
0.261092
0.0891373
0.488
-0.0382059
0.454701
0.0670363
-0.108313
0.20672
