-0.206851
0.297907
-0.158131
0.197981
0.796977
0.232824
-0.425964
-0.351275
0.00236392
-0.159165
-0.249601
-0.635188
0.179945
-0.21019
-0.187052
0.212168
-0.297907
0.235084
0.245977
-0.498519
0.200048
0.0672276
-0.278597
-0.315996
-0.0553943
-0.796977
-0.0569613
0.297907
-0.258659
-0.297907
-0.207321
-0.166374
-0.192817
0.213718
-0.796977
0.510907
0.209198
0.222812
0.0515083
-0.304694
0.214756
0.276473
0.207963
-0.0687088
0.341304
0.0979464
0.297907
-0.174095
0.301711
-0.27776
-0.0152256
-0.0264069
-0.503097
0.281899
-0.411225
-0.504339
-0.213816
-0.203904
0.248419
0.269756
-0.216349
0.234482
0.496224
-0.180979
-0.264164
0.248986
-0.796977
0.253127
0.46021
0.170942
-0.0746507
0.218377
-0.297907
0.245023
-0.188097
0.19378
0.244901
-0.292257
0.304138
-0.584146
-0.151054
0.297907
0.168691
-0.796977
0.000706558
-0.796977
0.238068
-0.240165
-0.0378449
-0.506873
0.796977
0.904
0.03206
0.233281
-0.229396
-0.0388496
-0.200905
0.2676
-0.163718
-0.55717
0.137167
-0.114527
-0.0996091
-0.141947
0.196406
-0.277527
-0.207949
-0.30128
-0.189998
0.297907
-0.108977
-0.0513791
-0.220995
0.796977
-0.179758
-0.259337
0.205352
0.179128
-0.335007
0.297907
-0.226073
0.796977
-0.0567665
-0.796977
0.289808
0.0483794
0.0104028
-0.272677
0.796977
0.220504
0.443199
-0.0977356
-0.177972
-0.00715218
-0.428017
-0.42503
-0.0261713
-0.0121097
-0.194502
0.19961
-0.0563823
0.297907
0.297907
-0.172042
0.197077
0.19996
0.195714
-0.0856149
-0.50797
0.135062
0.249781
-0.158648
-0.0710491
0.219567
0.796977
-0.239623
-0.297907
0.449536
0.265455
0.297907
-0.0665903
-0.203306
0.248563
0.201584
0.162766
0.796977
0.211208
0.24448
-0.796977
-0.496876
0.168201
-0.212601
0.176101
-0.20564
-0.193827
-0.418701
-0.0264507
-0.107375
-0.00262962
-0.223063
0.904
0.0537632
0.477696
-0.297907
0.0922027
0.0216568
-0.0151663
0.204776
0.2612
0.297907
0.301534
-0.219198
0.196871
0.200146
-0.204465
-0.0577108
-0.292844
-0.241042
0.205963
0.149625
-0.194771
-0.118131
0.297907
-0.49921
-0.237306
-0.195997
0.297907
0.1853
0.220563
-0.213925
-0.523174
0.483325
-0.168108
0.185649
0.204985
-0.228337
-0.0719553
0.255107
0.379897
-0.0361456
0.0671601
0.496015
-0.260739
-0.173525
0.179036
-0.156921
0.0436702
-0.292574
0.178534
0.108918
-0.152194
0.09715
0.10895
0.228429
-0.216482
-0.0004379
0.201249
-0.0194333
0.256764
0.796977
-0.52967
-0.290722
-0.796977
0.211446
0.13903
0.297907
0.633359
0.904
-0.796977
-0.197473
-0.114645
-0.162689
-0.471298
-0.287288
0.16692
0.214772
-0.219572
0.501852
-0.197472
0.297907
0.291161
-0.182873
0.297907
-0.217466
0.269567
0.0833111
-0.00238682
-0.324966
0.256015
-0.796977
-0.250022
0.20127
0.1279
-0.34133
0.190226
0.297907
0.215464
0.120347
0.154683
0.211893
-0.135498
-0.183328
-0.153056
0.0428734
-0.212454
-0.231335
-0.31084
-0.0513213
0.217761
0.796977
-0.347543
0.326631
-0.276928
-0.235606
-0.411225
0.204303
-0.0573746
-0.0885149
-0.20184
0.212091
-0.00184606
0.796977
-0.0409669
-0.866787
0.249158
-0.0155255
-0.259773
0.108003
-0.486922
0.0729818
0.796977
-0.0627573
-0.424382
0.0071224
-0.203852
0.297907
0.447359
-0.560196
0.0911599
0.531742
0.250749
0.904
-0.00251601
0.214115
0.297907
0.0489358
-0.188216
0.102981
-0.0900442
0.0227874
0.407217
-0.154004
-0.194976
-0.297907
0.240798
-0.411225
-0.499629
0.0858021
0.206289
-0.0344165
0.563242
-0.305296
0.904
-0.410563
-0.0591623
-0.18734
-0.0140862
0.796977
-0.098002
0.564989
-0.257739
-0.241444
-0.205908
0.183282
-0.190308
-0.253332
-0.0910286
-0.2072
0.156116
-0.281196
-0.796977
0.521753
-0.285288
-0.493426
-0.212364
-0.50032
0.718328
-0.271578
0.190279
-0.18923
0.428341
-0.0197906
0.141353
-0.304631
0.904
-0.227185
-0.195842
0.142132
0.211571
0.310603
-0.208919
0.796977
-0.304769
-0.297907
-0.254234
0.228869
-0.245113
0.0446589
0.186774
0.796977
-0.0477303
-0.193567
0.150437
0.0686392
0.214036
-0.297907
-0.108188
-0.347093
-0.00926443
-0.0779038
-0.904
0.0366999
0.137905
-0.904
-0.185251
-0.199693
0.196657
0.515517
-0.247168
-0.0375518
0.00777341
0.0584007
0.269823
-0.796977
0.796977
-0.144869
-0.392804
0.0203643
-0.796977
0.509022
0.494192
-0.225358
0.208939
-0.587447
-0.485738
0.251179
0.168664
-0.00122425
-0.513088
-0.0578428
0.796977
-0.484379
-0.306828
0.173523
-0.211912
0.297907
-0.247559
0.500393
-0.300903
0.372609
-0.0703644
0.796977
0.299358
-0.217807
-0.211446
0.223425
-0.400481
-0.0649543
0.297907
0.193887
0.323976
-0.527454
-0.235106
-0.210397
0.503259
0.233749
-0.193602
-0.450124
0.297907
-0.297907
0.0993316
0.297907
-0.191402
-0.180943
-0.191802
-0.0377321
-0.796977
0.222748
0.297907
-0.226337
0.469392
0.144412
-0.202196
-0.445128
-0.130887
-0.0940013
-0.297907
-0.189212
-0.0106378
-0.0198895
0.497425
0.00157477
-0.297899
-0.266014
0.258675
-0.0499769
0.00960252
0.297907
0.0161296
0.182589
-0.02651
-0.100752
-0.281615
0.184595
0.235174
-0.227599
0.00284677
-0.196888
-0.796977
-0.0210429
0.200453
0.132637
0.236847
0.139257
-0.220945
-0.169447
0.411225
0.155958
-0.00742052
-0.441576
-0.265437
-0.191943
-0.104974
0.422099
0.197328
0.236624
0.411225
0.297907
-0.010517
-0.217555
0.380067
0.152381
-0.103444
-0.0795937
0.197483
0.0582962
0.132092
-0.205841
-0.420247
-0.353672
-0.074922
-0.0805847
0.206837
-0.143861
0.219024
0.180142
0.121442
-0.466629
0.242627
0.206016
-0.196811
-0.216459
0.222317
-0.274854
0.0874312
-0.337964
0.297907
0.22217
0.110151
0.219714
0.226741
-0.904
-0.560342
-0.234449
0.0479225
-0.0297099
0.131823
-0.203418
-0.227708
-0.266619
0.297907
-0.293707
0.297907
0.133921
-0.796977
-0.297907
-0.443949
0.148046
0.312621
-0.185395
0.249059
-0.0474487
0.828525
-0.21093
0.113787
-0.00286498
-0.242826
0.0616891
-0.000176364
-0.196849
-0.213422
-0.297907
0.396608
-0.796977
0.222967
-0.297907
-0.298735
0.297907
-0.00748521
0.176157
-0.244957
-0.297907
0.217165
0.297907
-0.796977
-0.306151
0.411225
-0.453778
0.224762
-0.00249477
0.00912715
0.18055
-0.443976
0.363353
-0.904
-0.279847
0.187201
-0.21213
-0.208761
0.286191
0.233556
0.238815
-0.796977
-0.0960056
-0.216617
0.796977
0.264809
0.285897
0.0411912
0.204892
0.251824
-0.242055
-0.3567
0.220843
-0.350739
0.297907
0.486392
0.297907
-0.297907
-0.163534
-0.297907
0.150436
0.163014
-0.0796395
0.00110402
0.266309
0.20292
0.129918
-0.00275984
0.246258
-0.19664
-0.21601
-0.147505
0.254049
-0.0893875
0.222811
0.421814
-0.228186
0.514514
-0.00289963
-0.131585
0.154625
-0.499443
0.131075
-0.148818
-0.0868651
0.20311
0.231731
0.26703
0.247272
-0.197547
0.169182
-0.0136258
-0.0628783
0.118223
-0.904
-0.134751
-0.103744
-0.0252604
0.179396
-0.260932
-0.297907
0.239361
0.140503
0.399245
-0.0462758
-0.209904
-0.444174
0.297907
-0.499139
-0.161984
0.525052
-0.119755
-0.22267
-0.210416
0.204039
-0.796977
0.160091
-0.240681
-0.202665
0.179728
-0.2166
-0.223357
0.473349
0.0709726
0.297907
-0.0913446
-0.00050591
-0.207822
0.134336
-0.180078
0.796977
0.297907
-0.507229
-0.0891501
0.0180822
0.297907
-0.796977
0.297907
-0.213536
0.124735
-0.172894
0.000527855
0.904
0.189893
0.904
0.235769
-0.298517
-0.180064
0.237785
-0.230308
0.297907
-0.148674
-0.22967
0.277122
0.249748
0.189572
-0.217925
0.173867
-0.353392
0.904
0.281355
0.500875
-0.195325
0.0370245
-0.253767
-0.202407
-0.414381
0.19677
-0.197122
-0.102142
-0.21692
0.230144
-0.0460855
-0.796977
0.297907
0.37498
0.0436143
-0.154046
0.260561
-0.13352
0.291488
-0.297907
0.179528
0.0430673
-0.516756
0.15977
0.222026
0.24681
-0.204607
0.211596
-0.0197307
-0.00665212
-0.796977
-0.213767
-0.159968
0.00601644
0.796977
0.443899
0.214616
-0.289184
-0.520945
0.206034
0.00438537
0.796977
-0.207173
-0.299593
-0.000449348
0.307625
0.28448
-0.217259
0.347615
-0.796977
-0.219153
0.207944
-0.110192
-0.274242
-0.252673
0.0568548
0.431668
-0.191085
-0.517795
-0.297907
-0.200202
0.0219739
0.297907
0.368482
-0.00152306
0.266204
-0.236949
-0.178515
-0.209222
0.236077
0.258922
-0.283839
-0.220265
-0.00301936
0.253741
0.411225
0.182577
0.226157
0.441538
0.224566
0.153432
0.155788
0.0742546
-0.172766
0.144211
0.190006
-0.231166
0.904
0.297907
-0.0248029
-0.175553
-0.796977
0.0346735
-0.450461
-0.235392
-0.904
0.243259
0.495501
0.131193
0.429005
0.337471
0.228059
-0.651826
-0.796977
-0.154954
-0.271891
0.0822532
0.150626
0.233999
0.00198626
-0.411225
0.0196531
-0.0338916
-0.490789
0.217695
0.297907
0.504266
0.297907
-0.204927
-0.212299
0.0430528
0.180166
0.411817
0.796977
-0.20767
-0.184941
0.561914
-0.226544
-0.297907
0.466946
0.202091
0.216789
-0.222093
-0.190288
0.0641447
-0.435397
0.200043
-0.297907
-0.200317
-0.0763241
0.267051
-0.411225
0.360397
0.220993
-0.247091
-0.796977
-0.305927
-0.000440498
0.334538
0.100638
-0.521418
-0.879204
-0.0602939
-0.194051
0.467281
-0.297907
-0.214861
-0.471291
0.0227345
-0.283873
-0.164191
0.210348
-0.205956
0.280344
0.295326
-0.140461
-0.297907
-0.154972
-0.796977
0.0824816
0.225231
-0.358944
0.206553
-0.11608
0.12617
0.214546
-0.198837
0.230798
0.141746
-0.0903594
0.170049
0.373529
0.145371
0.297907
0.171838
0.252821
-0.203785
0.2036
-0.242643
-0.218649
-0.205993
0.179519
-0.297907
-0.297907
-0.212305
0.0980119
0.0473169
0.904
0.198996
0.257205
0.25861
0.252234
0.508001
-0.110485
0.904
0.297907
-0.257029
0.218213
0.190976
0.237274
-0.255137
-0.133445
0.233857
0.00435689
0.206506
0.38964
-0.24107
0.904
0.260472
-0.36446
-0.0288614
-0.226566
0.0260602
-0.280302
0.289116
0.170993
-0.604984
0.507277
0.182518
-0.329825
0.297907
-0.413053
-0.213786
0.00288958
0.210054
-0.0032673
-0.158555
-0.146972
0.492489
0.796977
-0.306028
0.198579
0.297907
0.0496092
-0.248117
-0.00273145
-0.143054
0.443794
0.796977
0.536885
0.519446
0.904
0.411225
-0.165282
-0.182785
-0.180432
-0.275938
0.297907
-0.209763
0.44059
-0.29111
-0.234462
-0.213761
-0.183772
0.24895
-0.904
-0.124932
0.201065
0.265415
0.210209
-0.336628
-0.165288
-0.411225
-0.0527725
-0.493231
0.195852
0.442367
0.202063
-0.796977
-0.19849
-0.796977
0.796977
-0.208274
-0.796977
0.194689
0.796977
-0.00880737
0.167149
-0.0314468
0.217543
0.250882
-0.433733
0.493041
-0.251188
0.197635
0.0770737
0.255056
-0.21515
0.214782
-0.526109
0.0229925
0.182333
0.297907
0.168716
0.904
-0.202279
-0.796977
-0.211472
-0.208297
-0.0802987
0.161389
-0.304626
-0.00168582
-0.0644074
0.362609
0.219005
0.220337
0.0944197
0.225239
-0.485905
0.796977
0.509068
-0.216147
-0.0630506
0.206347
-0.219143
0.0507141
0.0598791
-0.796977
0.328225
0.297907
-0.444006
0.297907
-0.198855
0.210418
-0.24298
0.343814
-0.222568
0.0432812
0.0181067
-0.498367
0.233862
0.000758437
-0.185031
0.198308
-0.239913
0.0116585
-0.904
0.319646
-0.796977
-0.219188
0.224782
0.196591
0.222828
-0.796977
-0.285228
-0.220252
0.222862
-0.106175
-0.106825
-0.207968
0.22203
0.259607
0.510314
0.179461
-0.220677
0.231322
-0.138375
0.904
-0.796977
0.523065
-0.22186
-0.337193
0.172492
0.00686428
0.173925
-0.208935
0.401937
0.17991
0.121938
-0.207467
0.136432
0.216381
-0.366004
-0.215292
-0.251599
0.0901931
-0.204327
-0.249267
-0.0900345
-0.249824
-0.257122
-0.439356
0.226681
-0.904
0.203139
0.194104
0.0414436
-0.297907
0.251306
0.0856252
0.752456
-0.307709
0.204621
-0.205248
-0.00281292
-0.100981
-0.524645
-0.250781
-0.365209
-0.535274
0.2284
0.144303
-0.411225
0.286224
0.182607
-0.194262
-0.14492
-0.243626
0.230541
0.117525
0.18441
-0.233843
0.297907
0.251348
-0.796977
-0.215657
-0.297907
-0.000559633
0.00076996
0.410829
-0.536738
-0.11629
-0.202166
-0.0487572
-0.279498
-0.116072
-0.213227
-0.130906
-0.0510555
-0.251163
-0.297907
-0.302114
0.209089
-0.037563
-0.423388
0.247166
-0.242803
-0.298198
-0.115996
-0.145612
0.163476
-0.063937
0.224421
0.297907
0.218971
0.236491
0.212549
-0.012948
0.230693
-0.234695
0.179845
-0.501044
-0.297907
-0.218813
-0.231347
0.211736
-0.200834
0.222646
-0.225149
-0.209832
0.796977
-0.260693
0.504371
-0.211949
0.224214
-0.509794
-0.140849
-0.132768
-0.151733
0.515657
-0.796977
-0.796977
-0.207032
-0.137167
-0.10628
0.297907
0.227548
0.500461
0.508226
-0.238098
-0.297907
0.411225
-0.218343
0.297907
-0.519105
-0.201772
0.179738
-0.171422
0.170693
-0.796977
0.181163
0.331097
0.297907
0.420434
0.796977
-0.221154
-0.513887
0.559185
0.216335
-0.143154
-0.360065
-0.207249
-0.175323
0.2213
0.796977
-0.206709
0.206495
-0.223199
-0.180833
0.245923
0.260611
0.238397
-0.23412
0.511304
0.239547
0.0791756
0.129029
-0.796977
-0.206171
-0.158767
0.156124
-0.0018535
-0.212632
-0.500755
0.195841
0.796977
-0.319627
-0.298542
0.297907
-0.192507
-0.295496
0.0263584
0.215866
0.297907
0.00521301
-0.291399
0.411225
0.536924
0.308305
-0.221648
-0.156765
-0.796977
0.0952069
0.209527
0.201161
0.218018
-0.208801
-0.269959
0.904
-0.796977
0.309619
0.236876
0.0423259
0.248694
0.297907
-0.502303
0.228141
-0.306981
0.192832
0.0479005
0.202928
-0.234807
-0.101894
-0.21994
0.204568
0.904
0.17167
0.197226
-0.400915
0.796977
-0.796977
0.51884
-0.111469
-0.227106
-0.196868
0.904
0.206288
0.330202
0.297907
-0.0139429
0.299545
0.444156
-0.411225
0.796977
0.262231
0.0129947
0.796977
-0.241854
0.211645
0.226926
-0.00129488
0.146973
0.107362
0.474211
0.0153739
-0.244821
0.338529
0.218997
-0.305491
-0.181063
0.17098
-0.195647
-0.166605
0.341417
-0.097713
0.796977
-0.21038
-0.134826
0.0803572
-0.243745
0.20205
-0.302196
-0.411225
-0.212288
0.796977
0.796977
0.796977
0.433359
-0.265668
-0.224518
-0.186304
0.232599
-0.411225
-0.56671
0.209464
0.0946346
-0.290264
-0.904
0.387252
-0.0510511
-0.0130714
0.179598
0.204924
-0.297907
-0.297907
0.252116
-0.133867
-0.198564
-0.0898338
-0.0233666
-0.297907
-0.796977
0.49536
0.247548
0.0244149
0.796977
0.315905
-0.204826
-0.266605
0.189201
-0.0771249
0.513617
-0.166734
-0.141951
-0.240616
0.253165
-0.362592
-0.203607
0.796977
-0.436147
0.226769
0.411225
0.365047
-0.0810486
0.297907
-0.467817
0.796977
-0.19693
0.163277
0.21807
0.396551
0.212996
-0.240174
-0.438487
0.000515544
0.222937
-0.0314663
0.20553
0.167525
0.28269
0.266329
-0.796977
-0.230353
0.405489
0.175542
0.21477
0.209567
-0.275483
-0.190676
0.216308
0.446381
-0.427195
0.796977
-0.297907
-0.428029
-0.434453
-0.0436204
0.254647
0.493982
0.470309
-0.292524
0.195902
-0.133535
0.796977
-0.0289033
0.258253
-0.411225
0.298694
-0.0435077
-0.904
-0.499274
0.216307
-0.116008
0.116478
0.297907
0.00413018
0.230531
0.297907
-0.215679
-0.208317
0.204149
0.00475296
-0.219739
-0.796977
0.218143
-0.411225
0.221794
-0.0947164
0.904
0.297907
-0.221027
0.213826
-0.203601
0.120716
0.297864
-0.462863
0.039849
-0.328449
-0.796977
0.221187
0.297907
-0.210421
-0.297907
-0.158227
-0.209574
0.228444
-0.211129
0.19838
0.198922
0.297907
0.411225
-0.559554
-0.179936
-0.21528
0.175384
0.205335
-0.243382
0.297907
-0.202701
0.297907
0.411225
-0.398253
0.0330165
-0.203559
0.496691
-0.251508
-0.172243
-0.215493
-0.297907
0.210879
-0.904
-0.243197
0.0810624
0.509689
-0.0255366
0.297907
-0.215438
0.518957
0.238214
-0.809465
0.091061
-0.217448
-0.796977
0.260224
0.289523
-0.268515
-0.796977
-0.177356
0.310216
0.160611
0.00270777
-0.0368225
-0.118358
0.182432
0.267441
0.269243
0.00831534
0.272662
0.234851
-0.796977
-0.796977
0.904
-0.2305
0.297907
0.297907
0.203668
-0.411225
0.411225
0.224127
0.253617
-0.297907
-0.225953
-0.44839
-0.0506241
-0.49071
0.265536
-0.206608
-0.796977
-0.796977
0.411225
0.0795362
0.107357
-0.394246
0.0114594
0.254543
-0.507028
-0.44738
0.796977
-0.166493
-0.153259
-0.224024
-0.207285
-0.214105
-0.48727
0.796977
-0.449423
0.297907
-0.297907
-0.0672877
-0.208022
-0.00243406
-0.297367
-0.189634
-0.297907
0.443985
0.403952
0.253155
-0.446235
0.104128
0.200872
-0.452977
-0.0479586
-0.133181
-0.175807
-0.394288
0.504999
0.105332
-0.210349
0.205462
-0.411225
-0.116079
0.00286864
0.289122
0.411225
0.18983
-0.0028741
0.182965
-0.226112
0.391999
0.605069
-0.179796
0.00101066
0.168813
0.297907
-0.00215818
-0.239714
0.297907
-0.432215
-0.204175
0.0906487
0.196771
0.796977
0.213044
-0.0384122
-0.0014232
-0.485659
0.161098
-0.335766
0.0319918
-0.208475
0.208312
0.162358
0.0415428
0.190895
0.188333
-0.18178
-0.334867
-0.503084
0.297907
0.168972
0.133181
-0.297907
0.411225
-0.200802
0.297907
0.199169
0.246878
-0.0105536
-0.194279
-0.106162
-0.345241
-0.223553
0.241549
0.796977
-0.199504
0.198114
-0.297907
0.796977
-0.282041
-0.796977
-0.146837
0.212487
0.241869
-0.246799
-0.301569
-0.210011
0.904
-0.114372
0.796977
0.201684
-0.22865
0.132875
0.206697
-0.716452
-0.178747
0.170881
0.260657
-0.0348566
-0.0714308
-0.280486
-0.576763
-0.218621
0.186327
0.192289
0.297907
-0.411225
0.18754
-0.201857
0.125602
-0.796977
-0.411225
-0.37728
0.0209799
-0.207971
0.297907
0.0784085
-0.223843
-0.796977
0.213675
0.496184
-0.226044
-0.293753
0.297907
-0.796977
0.796977
-0.282077
-0.13219
-0.904
0.234593
-0.214752
0.0917978
-0.58398
0.170069
0.237714
0.0222281
-0.0177096
-0.196423
-0.215997
0.0852555
0.495495
-0.639179
0.164939
-0.517527
0.904
-0.206929
-0.0642915
-0.165586
-0.00457519
0.341848
-0.796977
0.297907
-0.124654
-0.411225
0.0475894
0.134345
-0.0939552
-0.124216
0.18482
-0.0883283
0.297907
-0.439769
0.101074
-0.0188084
0.205922
-0.297907
0.133124
-0.217714
-0.091083
0.00505826
-0.411225
-0.00440977
0.18964
0.268449
-0.214393
-0.379325
-0.441995
-0.207779
0.217106
-0.0867509
0.0777305
-0.202275
0.262917
-0.185327
-0.225106
0.334844
-0.0684428
-0.904
-0.0297813
-0.218489
0.270963
0.272623
0.23207
-0.245327
0.49992
0.904
0.491199
-0.0447783
-0.904
-0.180377
0.283866
0.40199
-0.213579
-0.181291
-0.203329
0.217245
0.206539
0.144711
-0.904
-0.483565
0.212912
-0.275154
-0.395726
0.0373456
-0.162319
-0.131224
-0.904
-0.485481
0.21898
-0.064178
-0.213819
0.15335
0.297907
0.19301
0.182166
-0.226632
0.796977
0.00219929
-0.182778
-0.0574136
0.796977
0.037531
0.10151
0.159326
-0.428329
0.0185186
0.214474
0.144708
0.302511
-0.307458
-0.000954556
0.194519
0.107427
0.115388
-0.0657944
0.536211
-0.220787
0.260343
-0.178282
0.203357
0.297907
-0.115385
0.23417
-0.49039
-0.165929
-0.242739
-0.1073
-0.0896305
0.464795
0.796977
0.277482
-0.150334
0.30799
-0.147425
-0.206793
0.796977
-0.232888
0.0244625
-0.223014
0.205045
-0.086093
-0.189897
0.218325
-0.796977
-0.295626
-0.208581
0.43515
-0.207367
0.249606
-0.207679
-0.411225
0.234783
0.20034
-0.297907
-0.293702
-0.796977
0.374237
-0.241748
-0.735563
-0.206054
-0.215886
0.253901
-0.230126
-0.215705
0.411225
-0.196293
0.796977
0.195935
-0.275967
-0.0130481
0.276246
-0.402929
-0.142149
-0.561127
0.16285
0.0363257
-0.215761
-0.0373228
0.218961
-0.0194394
-0.193223
-0.0822642
-0.257577
-0.114294
-0.212359
-0.637138
-0.0550731
0.215089
0.204516
-0.297907
-0.411225
-0.0264691
-0.21754
-0.220508
0.217401
-0.796977
0.479613
0.646414
0.416996
0.297907
0.53137
0.904
0.208512
0.401779
-0.507056
-0.219226
0.00208
0.297628
-0.255864
-0.253655
0.185492
0.22882
0.317363
0.580614
-0.796977
0.218068
0.133268
-0.262714
0.618792
0.164253
0.201374
0.0267727
-0.305496
-0.489935
0.297907
-0.156171
-0.350316
0.121639
0.182896
-0.271135
-0.213001
-0.291089
0.210494
-0.904
0.047001
-0.218987
0.165794
-0.297907
0.222713
0.263945
-0.21046
-0.244553
-0.297907
-0.154361
0.438363
0.342021
0.18831
0.206274
0.297907
-0.059745
0.210378
-0.517935
0.796977
-0.116079
-0.0327732
0.796977
0.175002
0.18072
0.229899
-0.285875
-0.269989
0.516755
0.243438
0.00200165
-0.370606
0.219961
-0.904
-0.221139
0.297907
-0.196787
0.202174
-0.220393
-0.221762
-0.482792
-0.904
-0.371079
-0.49836
-0.297907
-0.0910237
0.0284262
0.186228
0.297907
0.297907
-0.234439
-0.199612
0.243348
-0.249356
0.220395
-0.00526441
-0.229464
0.241834
0.0755616
0.0763486
0.426985
0.204882
0.0101032
-0.124904
0.217677
0.209579
0.230448
-0.297907
0.297907
0.496172
-0.297907
0.796977
-0.216322
0.208481
0.241854
0.174873
0.297907
-0.215704
0.222655
-0.0772417
-0.231713
-0.502833
-0.297907
-0.411225
0.0952676
0.411225
0.138949
-0.0986861
0.206287
0.214045
-0.457846
0.119776
0.31825
-0.209352
0.312389
0.104984
0.148175
0.438607
-0.245795
0.223407
-0.189434
0.297907
0.191931
0.202217
-0.210885
-0.278452
-0.234837
0.22524
-0.219205
0.221822
0.047172
0.00288976
0.181059
-0.220944
-0.297907
0.00395922
-0.380079
-0.155215
-0.506211
0.0918723
0.202491
-0.224179
0.0892682
-0.297907
0.4397
0.411225
-0.23377
-0.796977
0.0477166
0.132075
0.12127
-0.261165
-0.277419
0.200561
0.00590888
-0.196795
0.17534
0.0835073
-0.226423
-0.137914
-0.796977
-0.13079
-0.474718
-0.111625
0.152526
0.207377
-0.00274412
-0.210845
0.532011
-0.796977
0.230631
-0.216951
0.411225
-0.219298
-0.208806
0.157121
0.233106
-0.904
-0.286855
0.0543735
0.297907
0.200171
-0.228088
0.205534
-0.128783
-0.796977
0.25159
0.511699
0.1278
0.221384
0.557969
0.224561
0.411225
0.191911
0.167742
0.11172
0.297907
-0.183924
-0.211361
-0.796977
-0.214486
-0.19584
0.0248516
-0.796977
0.180893
0.796977
-0.175427
0.233078
-0.229353
-0.484998
-0.297907
-0.297907
0.261144
-0.796977
0.297907
0.205634
0.904
0.102484
0.0761674
-0.000319066
-0.185065
0.267965
0.243685
0.205401
0.904
0.160982
0.297907
-0.0516059
0.796977
0.115064
0.16635
0.0783682
-0.51426
-0.161416
-0.4697
0.00175452
0.066801
0.467933
-0.297907
0.421839
-0.0018098
-0.00234537
0.411225
-0.796977
0.220797
0.297907
-0.163291
-0.127426
-0.288154
0.40826
-0.11477
-0.214354
-0.297907
0.0437
0.188142
0.260126
-0.796977
-0.239608
0.152584
-0.114495
0.213444
0.240155
-0.0676418
-0.0714261
0.426401
0.20868
0.0748189
0.357122
-0.904
-0.492397
0.197373
0.227487
0.219572
0.297907
-0.202592
-0.136572
0.162307
-0.223038
-0.550427
0.225361
-0.179128
0.109078
-0.460538
-0.411225
0.0979032
0.477555
0.0872413
0.17005
0.379142
-0.159263
-0.0425423
-0.136629
0.192709
-0.352759
0.488
-0.237506
0.0214057
0.139674
0.236037
-0.267818
-0.341103
-0.016084
-0.233171
-0.0262784
0.216439
-0.0177839
-0.104512
-0.47416
0.198867
0.296585
0.292934
0.164076
0.117035
-0.324932
0.269244
0.300971
-0.335382
-0.241369
-0.0251159
0.0672156
-0.0748794
-0.209012
0.100554
0.508266
0.431556
0.203455
0.0045894
-0.488
0.0362179
-0.605535
-0.213838
-0.0654629
-0.180393
0.0188061
-0.605535
-0.159585
0.161461
-0.104132
-0.13565
-0.162299
0.156467
0.0405021
-0.351678
-0.457981
-0.00127171
0.120784
-0.118374
-0.198432
-0.115444
-0.190996
0.207784
-0.0582555
-0.431556
0.311114
0.351678
-0.351678
0.181652
-0.128896
0.0408052
0.261047
0.302434
0.28143
-0.0244539
-0.351678
0.0492241
0.0010398
0.269435
-0.100293
-0.120534
-0.351678
0.605535
-0.080896
0.0930581
-0.00192366
0.26106
0.140573
0.488
0.351678
0.149685
-0.225352
0.605535
0.605535
0.265143
-0.0945664
-0.0409118
-0.392815
0.00949171
0.351678
0.405894
0.0315969
0.0352322
0.236001
0.605535
0.351678
-0.270647
0.401288
-0.00340797
-0.0331505
-0.431556
0.0486945
-0.214839
-0.351678
0.0213254
-0.334289
0.276047
0.291538
-0.605535
-0.298637
-0.159581
-0.101534
0.242317
-0.169874
0.605535
0.0495104
0.10971
0.0202176
0.0070663
0.280274
-0.0669113
-0.00841561
-0.0343993
0.194126
-0.096693
0.178367
-0.00091833
-0.360996
-0.540101
-0.0842952
0.0567655
0.605535
-0.0292588
0.10066
-0.483248
-0.196355
-0.111388
0.449564
-0.249041
0.0669442
0.605535
-0.441992
-0.220965
0.101221
-0.379292
0.0930698
0.439384
0.460706
-0.438903
0.149167
0.200022
0.147759
-0.000207939
-0.29024
-0.431556
-0.249934
0.122127
0.126311
0.277095
0.351678
-0.135833
-0.276007
-0.0974801
-0.605535
-0.351678
-0.339958
0.351678
-0.0762929
-0.0522275
0.0866582
-0.351678
-0.382841
0.605535
-0.272801
0.250458
-0.351678
0.351678
-0.260832
0.0526887
0.000747943
0.0179793
0.421525
0.488
-0.106265
-0.605535
0.197087
0.0251228
0.0658981
-0.431556
-0.0522098
-0.474463
-0.390179
0.240948
0.215598
0.497485
0.310691
-0.605535
-0.202681
-0.180353
-0.259291
-0.124905
0.0994423
-0.488
0.0172303
0.0280995
-0.108354
0.346887
0.544894
-0.273394
-0.0534471
-0.140863
-0.0324243
0.385424
-0.0544327
0.488
0.101936
0.274782
-0.237825
0.455326
-0.0960866
0.194291
0.351678
0.0173348
-0.476341
0.250589
-0.113275
0.19927
-0.447632
-0.171304
-0.431556
0.180575
0.0219141
-0.000335891
0.605535
-0.0688421
-0.231823
-0.605535
0.109934
0.124714
-0.0915767
0.164018
0.605535
-0.476809
-0.156767
-0.168985
0.340674
0.0286299
-0.429889
-0.432456
0.0030763
-0.218907
0.151636
0.193249
-0.0810476
0.605535
0.310395
-0.234923
0.216497
0.431556
0.123149
-0.185709
-0.261981
0.172802
-0.187451
0.272099
-0.488
-0.351678
-0.10347
0.488
-0.28892
-0.436568
-0.406604
-0.351678
0.0639652
0.487065
-0.0936046
-0.334556
0.286878
0.605535
0.327654
0.0273343
0.207246
-0.202363
0.0353093
0.431556
-0.0546588
-0.1187
0.605535
0.478218
0.0499508
0.0920323
0.605535
0.0918913
0.389311
0.225083
-0.351678
-0.00116983
0.518374
0.351678
-0.00346497
-0.256249
0.241604
-0.16089
0.111789
-0.19133
-0.137386
0.00727167
0.0705335
-0.0506629
0.351678
-0.207705
-0.126323
-0.103699
0.220116
-0.489592
0.186274
-0.202884
0.488
-0.434645
0.105694
-0.107592
0.177041
-0.283714
-0.351678
0.411577
-0.018108
-0.605535
0.166452
0.00113726
-0.00102096
0.435207
0.37606
-0.345971
0.0971019
-0.396648
-0.296444
0.415896
-0.231343
-0.0138135
-0.44962
-0.196086
-0.180586
0.0763286
-0.375682
-0.17904
0.0323096
-0.605535
0.303253
0.257004
-0.200067
0.476758
0.215745
0.198964
-0.4754
-0.351678
0.0292578
0.267668
0.0874092
-0.398518
0.19461
0.000497451
-0.0740648
0.330281
0.355757
0.291084
-0.228999
-0.243199
0.041874
-0.0280675
0.143232
0.164355
0.313921
-0.431556
-0.0674553
0.28579
-0.333485
0.334971
-0.351678
-0.170921
0.116199
-0.111627
0.413698
-0.182106
-0.473757
-0.381407
-0.0861561
0.154195
0.0816794
0.0328148
0.351678
-0.484111
0.0367376
-0.071709
0.272214
-0.605535
-0.0394683
0.0987291
-0.253338
-0.0315731
0.321982
0.146591
-0.321061
0.488
-0.269201
0.476842
0.113191
-0.476043
0.322869
0.0858995
0.543648
-0.22451
0.425943
-0.259163
0.250848
0.143172
-0.137959
-0.139773
-0.42735
0.605535
-0.0537927
-0.351678
0.223665
0.475479
-0.488
0.237778
-0.383757
0.168565
0.15688
0.351678
0.305693
-0.296441
-0.351678
-0.209928
0.00918455
-0.41863
-0.27836
-0.172988
-0.1193
0.230066
0.129172
0.605535
-0.351678
-0.144248
0.135773
0.516404
-0.403536
0.197138
-0.183017
-0.56838
0.43832
-0.230994
0.000110721
-0.0875831
0.254539
-0.13287
0.488
-0.50527
-0.26405
-0.203084
-0.263042
0.150355
-0.236688
0.0598546
-0.488
0.172373
0.20199
-0.143763
-0.0087898
-0.0363614
-0.126006
-0.171591
-0.305726
0.213593
-0.271355
-0.222638
0.138753
-0.356693
0.0424673
0.256812
0.0650029
0.32898
-0.351678
-0.162334
0.0686605
0.0648768
-0.351678
0.0325025
-0.0772689
0.117416
-0.42105
-0.351678
-0.282542
-0.0585324
0.198393
-0.448084
-0.0594798
-0.00365977
-0.167661
-0.231645
-0.431556
0.488
-0.180045
0.163247
-0.431556
-0.234383
0.0929765
0.431556
0.0100423
-0.24248
0.605535
-0.605535
-0.234538
0.351678
0.131665
-0.49434
0.488
0.380724
0.193854
-0.351678
0.236006
-0.320597
0.431556
-0.199928
-0.094495
0.246982
-0.351678
0.26993
-0.0290115
-0.15878
0.0160793
-0.0225288
0.250201
-0.0334607
-0.351678
0.258698
-0.291963
-0.253101
-0.178658
-0.0265322
-0.261349
0.30959
-0.480929
0.217328
-0.351678
-0.126204
0.0467949
0.312209
-0.351678
-0.0649515
0.127968
-0.605535
0.481751
0.242022
0.49473
0.0180582
-0.16561
-0.222482
-0.278631
0.113577
-0.351678
0.488
0.431556
-0.162274
-0.0426176
-0.185954
0.431556
0.0577393
-0.187665
-0.0719
-0.301147
-0.605535
-0.605535
-0.0271521
-0.605535
0.149542
0.605535
-0.159513
0.159099
-0.0845484
-0.22742
0.211115
0.092524
0.281625
-0.257625
0.292639
0.239264
-0.300703
0.488
-0.0944398
0.585106
0.488
-0.474206
0.0629972
-0.488
-0.479572
0.172358
-0.22213
0.47454
0.488
-0.120106
0.489662
-0.0977898
-0.286161
0.351678
-0.351678
0.45947
0.014061
-0.294228
0.0257847
0.245268
0.231133
-0.240321
0.205267
-0.0221354
0.171493
-0.431556
-0.05404
-0.353099
0.105856
-0.3502
0.0352861
0.0729775
0.183664
0.282103
0.351984
0.337884
-0.448261
-0.000599124
-0.166993
-0.488
0.332367
0.118287
0.497941
0.199468
-0.0206272
-0.17919
-0.329178
-0.342589
-0.286455
-0.0912108
-0.14327
0.445083
0.229808
-0.228863
0.203559
-0.226287
0.431556
0.398446
-0.229552
0.419981
0.0883794
0.103367
-0.235833
0.0160999
-0.605535
0.152302
0.251171
-0.431556
0.456596
0.605535
0.170096
-0.197764
0.320346
0.252208
-0.440692
0.352133
0.272669
-0.274013
-0.168137
0.206069
0.222524
0.161998
-0.169534
0.17314
0.351678
0.442669
0.0809865
-0.100835
-0.221374
0.605535
-0.427175
0.0778849
0.300965
0.0617133
0.368989
-0.605535
-0.213829
0.605535
-0.041898
0.00436477
0.480123
-0.0690848
0.243607
-0.0611811
0.209411
0.240323
0.212145
-0.256328
0.0403349
-0.3613
-0.510943
0.340045
-0.0839524
-0.119849
-0.0469483
-0.144184
-0.0501824
-0.488
0.317218
-0.110277
0.488
-0.324867
0.232526
0.329153
0.030315
0.351678
-0.605535
-0.0354124
-0.256433
0.0532715
-0.119492
0.0374199
-0.274927
-0.20075
0.374509
0.219895
-0.356526
-0.231075
-0.354244
0.0107294
-0.233591
0.0932934
0.115144
-0.0721832
-0.0270035
0.0931712
0.12376
0.431556
0.000761803
-0.246773
-0.189276
-0.519115
0.0919561
0.193924
-0.316485
0.0755926
0.351678
0.476838
-0.214767
-0.291086
0.269948
0.157214
-0.053385
0.146946
-0.171713
-0.00118644
0.605535
0.28569
0.435071
-0.00123787
0.042611
0.326496
0.159662
-0.351678
-0.0865437
-0.352702
-0.115013
0.0808613
0.126921
-0.479724
-0.180079
-0.351678
0.20393
0.130348
-0.364622
-0.0751704
-0.192782
0.350404
0.0813549
-0.0314748
0.387254
-0.235844
0.0437558
-0.351678
-0.0486524
0.488
-0.00117572
-0.248165
-0.351678
0.488
-0.0126868
-0.410551
-0.0683354
-0.468638
-0.390824
0.138196
0.446007
-0.211658
-0.0654154
0.140901
-0.30047
-0.605535
0.0130333
-0.169712
-0.013445
-0.195725
-0.181839
-0.279645
-0.474291
-0.0190944
-0.351678
-0.159424
0.488
-0.251017
0.247549
0.349744
-0.4832
-0.338172
-0.370271
-0.117588
-0.440132
0.605535
-0.605535
-0.351678
0.000169802
-0.370477
0.414155
-0.32788
0.177107
0.488
-0.464065
0.488
-0.455335
-0.351678
0.605535
0.261264
0.361046
0.351678
0.0472811
0.488
0.389837
0.279207
-0.464608
-0.228101
0.072724
-0.14597
0.605535
0.214193
0.330152
-0.393177
0.516212
-0.446641
0.193284
-0.335544
0.285388
0.239142
0.605535
-0.437949
0.0670346
0.00829667
-0.0813023
0.643412
0.482433
0.20534
0.470696
-0.0727474
-0.220381
0.0768719
0.47519
0.229595
-0.431556
-0.115136
-0.458093
-0.134419
-0.0511545
-0.343644
0.125467
-0.120073
-0.00749601
0.488
0.292834
-0.271664
-0.0945542
-0.351678
-0.0621354
-0.246169
0.324241
-0.362414
-0.350552
-0.178354
0.213796
-0.23471
-0.365197
0.243842
-0.186092
0.235745
0.175342
0.187047
-0.17619
-0.00190386
0.173071
-0.440036
-0.0891354
0.170525
-0.0438013
0.220671
-0.495618
0.605535
-0.250044
0.19714
0.0911829
-0.14678
-0.636113
0.235485
0.00969177
-0.0907571
0.351678
0.431556
0.0260142
0.140135
0.351678
-0.179149
-0.0998183
-0.0733789
-0.488
-0.22461
-0.198652
0.488753
0.0242181
0.0508133
0.0456819
0.264609
-0.605535
0.0846566
-0.245086
0.100538
0.429276
-0.0203649
0.166756
-0.431556
-0.319117
0.152322
0.22222
-0.0767141
-0.0554262
-0.605535
-0.351678
0.224308
-0.0199799
0.035639
0.127938
-0.605535
-0.105622
-0.402159
-0.351678
0.193084
-0.120926
-0.351654
0.397003
0.605535
-0.00439458
-0.0462601
-0.0602673
0.488
-0.109059
-0.143173
0.217393
-0.17882
-0.198848
0.446889
0.292842
-0.308155
-0.351678
0.396948
0.0793015
-0.163876
0.146041
-0.47562
-0.306977
-0.301017
-0.129985
0.299178
0.558093
0.353503
-0.430789
0.1584
0.254312
-0.041944
-0.200077
-0.286843
-0.0396154
0.145984
0.24021
-0.205898
0.0353682
0.167031
0.21249
0.0179416
-0.168374
0.429205
-0.605535
-0.315979
-0.0855614
0.243294
-0.557805
0.605535
-0.351678
0.351678
0.431501
0.351678
0.351678
0.351678
-0.336247
-0.343815
0.306789
0.605535
-0.351678
0.525705
-0.13535
-0.206673
0.0370585
-0.488
-0.488
-0.00185562
0.351678
-0.351678
0.568443
-0.113424
-0.149037
0.174378
0.133626
0.0625188
-0.605535
-0.152379
-0.117942
0.109033
0.351678
-0.167843
0.0750374
0.190072
-0.167503
0.0744604
0.128748
0.214473
-0.175584
0.488
0.438939
0.539766
0.231762
0.351678
0.0200634
-0.0193068
-0.264657
0.126578
-0.20653
-0.00634495
0.605535
-0.0197765
-0.320215
0.258268
-0.156092
0.114643
-0.0756498
-0.102995
-0.46981
0.488
0.129067
-0.0835845
-0.0410577
-0.431556
-0.412077
0.173547
-0.156325
-0.0662129
-0.445168
-0.605535
0.18191
-0.000543344
0.00556779
0.450071
0.0497624
-0.18564
0.253133
0.0535409
-0.351678
-0.605535
-0.473316
0.194168
-0.274049
-0.351678
0.391798
0.192276
-0.313892
-0.0594137
-0.203964
0.351678
-0.177779
-0.168576
-0.000961837
0.0201601
-0.435973
0.0718705
0.351678
0.254922
0.108747
0.340041
-0.482638
0.0808497
0.319252
0.351678
0.351678
-0.488
-0.310608
-0.101488
-0.407564
0.0813344
-0.0826712
0.0137826
-0.00797543
-0.488
0.279254
0.178746
-0.33925
0.222014
-0.00748777
0.185972
0.605535
-0.207729
-0.488
-0.351678
0.319251
-0.351408
-0.488
0.482435
-0.426968
0.28843
-0.150055
-0.340488
0.278729
0.202613
0.0665892
0.488
0.474134
0.187461
0.132778
-0.605535
0.351678
-0.0370973
0.0519604
0.0395136
0.139302
0.351678
-0.0571111
-0.351506
-0.257394
-0.47285
-0.0177701
-0.245926
0.448977
0.355064
-0.0394678
0.213417
-0.105835
-0.482102
-0.488
0.180635
0.19091
-0.415536
0.605535
-0.147378
-0.351678
-0.172073
0.605535
0.210339
0.568573
0.174526
-0.496217
0.335832
-0.150886
0.294476
0.351678
-0.289362
0.449259
0.308617
0.115107
-0.208384
-0.025859
-0.337641
0.351678
0.432033
-0.251308
0.0875272
0.000966342
0.271218
0.30022
0.249631
0.351678
-0.0653602
0.0691856
-0.605535
0.431556
0.213213
0.246247
-0.605535
0.189294
0.210424
-0.48023
-0.344487
0.147769
-0.0885917
-0.21713
0.315963
0.176275
-0.351678
-0.144001
0.502869
-0.605535
-0.351678
-0.124529
-0.247864
-0.431556
-0.0527144
0.134301
0.0984209
-0.605535
0.217519
-0.128777
-0.0355429
0.129717
0.126468
0.488
0.100916
0.152238
-0.0193756
-0.067685
0.232387
-0.257317
0.506688
-0.351678
0.0191609
0.180815
0.161909
-0.0940859
-0.351678
-0.605535
-0.160492
-0.0681258
0.0919957
0.2018
0.415837
0.605535
0.357934
-0.234414
0.351678
0.351678
-0.320824
-0.209539
-0.337904
-0.351678
0.605535
-0.0481213
-0.00131131
0.605535
0.274384
-0.312319
-0.258065
-0.217123
0.00749815
0.488
0.482235
-0.144887
-0.230261
0.351678
0.426207
0.488
-0.0600657
0.0337538
0.259568
0.439136
0.100766
-0.121726
0.277289
0.205674
0.0285134
0.156585
0.0767241
-0.331666
0.0342455
-0.109211
-0.150028
0.605535
-0.605535
0.482575
0.0631443
-0.0720307
0.0181656
-0.0360215
0.0313338
0.0245941
-0.100677
-0.162914
-0.00135622
0.104412
0.440189
0.0499198
0.114833
0.605535
0.366151
0.208416
-0.250783
-0.331173
0.0948968
0.203222
-0.235427
0.333308
-0.282544
0.181042
0.00564967
-0.345746
0.115434
0.157667
0.38661
-0.228906
-0.433902
0.0918621
-0.51174
-0.254955
0.277253
0.605535
0.224227
0.349797
0.19127
-0.0840425
-0.176829
-0.116912
0.22301
-0.290041
0.22216
-0.229247
-0.443374
-0.0632774
-0.0666658
-0.128518
-0.260715
-0.0353564
0.118328
-0.103929
-0.0871697
0.605535
-0.0225563
-0.108203
0.0279574
-0.488
-0.431556
-0.00117128
0.351678
0.263392
0.0853463
0.178122
-0.107298
-0.175287
0.360687
0.556811
-0.0669766
-0.271391
0.216058
0.605535
1.758e-05
0.605535
0.0952448
0.218996
0.247522
0.197089
0.223902
-0.287995
-0.351678
-0.318465
0.345634
-0.156388
-0.0155789
-0.141487
-5.154e-05
-0.188734
-0.00923126
-0.170881
-0.253572
-0.150846
0.377509
-0.145165
0.272997
0.149197
-0.0231419
-0.23267
0.143816
0.385252
0.166691
-0.605535
0.0203296
0.0741237
-0.0810661
-0.202528
-0.412099
-0.488
0.0917574
-0.252869
-0.291088
-0.100328
-0.109651
0.319588
-0.291631
-0.0133552
-0.338409
0.0377952
-0.351678
-0.045447
-0.166779
0.280747
-0.431556
-0.215994
-0.0013401
-0.00120381
-0.0870725
0.097948
0.605535
0.177516
0.351678
0.0922989
-0.0292048
-0.0567792
-0.352468
0.0728592
0.317985
0.100231
-0.166389
-0.0143406
0.431556
-0.377996
-0.480185
0.142645
-0.488
-0.0205271
0.357709
-0.255449
-0.206733
0.136215
0.470904
-0.00116555
-0.334285
-0.605535
-0.338227
0.151157
0.147507
0.605535
0.111822
0.0704584
-0.0563583
0.605535
0.329532
0.20192
0.220437
0.256573
-0.113801
0.136942
-0.228958
0.488
0.274635
0.127386
-0.190449
0.211835
-0.074108
0.238555
0.59864
-0.220063
0.605535
0.119329
0.176517
0.27003
0.0769402
-0.477203
-0.605535
0.0608389
-0.000980946
-0.179263
0.351678
-0.276924
0.351678
0.201113
-0.100593
0.0077102
-0.217917
0.279802
-0.154311
-0.204336
0.189022
0.120332
0.42615
0.201866
-0.0780279
0.215029
0.0769352
0.0352241
-0.199142
0.605535
0.313303
-0.114293
0.200913
0.24232
0.125098
-0.130115
0.00129913
0.363017
-0.28287
-0.361415
-0.28983
0.224479
-0.605535
0.0476881
-0.305224
-0.360408
-0.256234
-0.445644
-0.626812
-0.0729378
-0.351678
-0.0423375
0.178885
-0.0645977
-0.247448
-0.264011
0.14703
-0.0206134
0.179328
-0.415228
-0.605535
0.291717
0.605535
-0.200529
0.190497
0.488
-0.262116
-0.100468
-0.0609813
0.312639
0.00330514
0.260063
0.0106711
-0.488
-0.130553
-0.351678
0.211817
0.0348015
0.0919802
-0.116554
-0.211845
-0.402525
0.228574
-0.0545089
-0.128793
-0.605535
0.450081
-0.605535
0.269215
0.206781
-0.468947
-0.314577
-0.001283
0.40725
0.071295
-0.0063155
0.605535
0.213906
0.351678
0.454878
-0.351678
-0.0160423
-0.14434
-0.605535
-0.295291
0.141604
-0.605535
0.168123
0.351678
0.216152
-0.338207
-0.0158303
-0.351678
0.0453562
-0.476306
0.120784
0.0897671
0.605535
0.351008
0.00806252
-0.605535
0.32877
0.239061
0.0589767
-0.263734
0.127313
-0.148384
-0.150936
0.330801
0.605535
0.32666
-0.00333319
-0.0241532
0.487071
-0.0185389
0.0617801
-0.155206
0.605535
-0.31305
0.298089
-0.330971
-0.00550821
0.215576
0.192867
-0.0721981
-0.251006
0.148308
-0.245486
-0.488
-0.228075
0.0875922
-0.00132617
-0.347762
0.488
-0.0793901
0.351678
-0.181288
0.220384
0.268633
-0.126559
-0.196579
0.234676
-0.0480018
-0.353077
0.169739
0.329828
0.226856
0.209794
0.252311
0.13365
-0.266433
-0.20936
-0.0612584
0.215992
0.0506935
0.111362
-0.289572
0.337825
-0.0862819
-0.351678
0.605535
0.605535
-0.330261
0.139675
-0.605535
-0.177822
-0.094032
-0.026515
0.0473243
0.0376614
0.0247013
0.130921
-0.225799
-0.64047
0.351678
-0.175596
-0.0445166
-0.0944808
-0.157635
0.488
0.247243
-0.232535
0.20042
0.0379837
0.145943
0.488
0.0785222
-0.28424
0.605535
0.0442791
0.41355
-0.351678
-0.184201
-0.351678
-0.312454
0.298733
0.171956
0.132609
0.605535
-0.488
-0.325558
-0.0264855
0.304082
0.0343002
0.305357
-0.00131851
-0.0610604
-0.482464
-0.231125
-0.0401349
-0.0304307
0.196924
-0.236406
-0.340648
0.261934
-0.101088
0.10586
0.300556
0.18001
0.147621
0.247202
0.236768
-0.000686431
-0.482321
0.0092978
-0.586895
0.488
0.337468
-0.139238
0.0955485
-0.195584
0.207407
-0.605535
0.000947467
-0.175019
-0.101554
-0.0596416
0.0820755
0.351678
0.211637
-0.21222
0.00477123
-0.458706
0.00115607
0.173194
-0.450021
-0.605535
-0.18716
-0.358163
-0.0761317
-0.351678
-0.120805
-0.04039
-0.247739
-0.200615
0.237914
0.246276
-0.153757
-0.0658236
0.233321
-0.0856989
-0.195443
-0.105585
-0.277871
0.137445
-0.605535
0.198206
0.0781568
-0.000154349
-0.0580572
-0.329141
0.4323
-0.0141018
0.351678
0.0893378
-0.220373
0.048122
0.152222
0.217556
-0.098527
0.137981
0.447922
-0.226238
0.0563735
0.351678
0.0861448
-0.072074
0.434126
-0.0534338
-0.330555
-0.351678
-0.156228
-0.605535
0.402349
0.167422
0.0537022
0.154965
-0.248581
-0.0251835
0.291407
0.185914
0.605535
0.0655085
-0.204545
0.488
-0.286542
-0.312547
-0.350095
0.32185
0.0872518
0.498851
-0.077595
-0.399066
-0.0945784
-0.605535
-0.204649
0.0885909
-0.191364
0.475841
0.195455
0.0537298
0.118902
-0.200161
0.351678
0.0937269
0.295035
-0.351678
-0.605535
0.21371
0.443067
-0.303495
-0.373262
0.1822
0.605535
0.636113
-0.351678
-0.164462
0.149098
-0.203158
-0.447526
-0.18278
-0.247388
0.330008
-0.0161727
0.173603
-0.160381
0.0809553
-0.020807
0.0599537
0.209628
0.169823
0.145947
-0.35497
-0.488
-0.179575
-0.177175
-0.26972
0.360334
0.04902
0.265875
-0.0788342
0.605535
-0.030784
0.351678
0.0525845
-0.206062
0.345612
0.382641
0.200768
-0.078767
-0.351678
0.0214643
0.00944506
0.102095
-0.605535
0.429368
-0.415962
-0.283191
0.0312492
0.434777
-0.000502614
0.062882
-0.351678
0.35649
0.290674
0.413256
0.493211
0.0784274
0.0770334
-0.175302
-0.0543844
-0.359786
-0.605535
-0.123784
-0.488
0.271627
-0.11796
0.342547
0.251685
0.431556
0.0478633
-0.154938
0.293598
-0.194868
-0.167762
-0.21391
0.277753
-0.164477
-0.415566
-0.202729
0.0701411
-0.351678
0.481963
-0.495296
0.431556
-0.442719
0.2506
0.181621
-0.214834
-0.24703
0.0464375
-0.351904
-0.155194
0.0842484
-0.488531
-0.0581319
-0.605535
-0.232097
-0.00319873
0.224
0.178369
-0.414517
-0.0180391
0.0314029
0.0330557
0.299566
-0.225614
-0.238778
0.307856
-0.351678
-0.428723
-0.482288
-0.0712908
0.431556
0.654185
-0.128291
0.351678
-0.193917
0.463756
0.530293
0.00953458
-0.238109
-0.249831
-0.203338
-0.192908
-0.113463
0.488
0.173325
0.40007
0.184552
-0.0959164
-0.605535
0.112942
-0.000511523
-0.25519
0.294067
0.100292
-0.433556
-0.0338699
0.230863
0.183414
0.149413
-0.417888
0.231195
-0.12579
0.605535
-0.370263
0.138164
0.488
-0.138158
-0.192259
-0.0377788
-0.150103
0.267113
0.434237
-0.605535
-0.333674
-0.300151
0.244288
0.00657691
0.0172451
-0.0512608
-0.150242
0.0606853
0.236868
0.200854
-0.423181
0.0222741
-0.270457
0.0184311
0.0914862
-0.112857
-0.449292
-0.471571
0.277687
-0.364486
-0.1289
-0.271946
0.2047
0.20328
-0.210749
0.351678
0.576402
0.26389
-0.00322247
-0.0156397
-0.242827
-0.127573
0.0916033
-0.0223421
0.365186
-0.225711
0.40548
0.170823
-0.0270283
-0.242038
-0.351678
-0.351678
0.225421
0.351678
0.132864
-0.26477
-0.0269793
-0.120354
0.318385
-0.475677
-0.396517
-0.297501
-0.26013
-0.488
0.437911
-0.35196
-0.0890196
0.236783
-0.493751
0.351678
-0.193242
-0.485368
-0.304657
-0.351678
-0.249029
0.168328
-0.24355
-0.0525006
-0.476797
0.110555
-0.240563
0.605535
-0.0106112
-0.133924
0.0529482
-0.00272384
-0.262058
0.0917859
0.351678
0.431556
0.320521
0.0426014
-0.140226
0.3297
0.0518249
0.301773
0.488
0.605535
0.266555
0.44984
0.351678
0.0583262
-0.605535
-0.292002
-0.488
0.100917
-0.0240989
-0.0410985
-0.345888
0.0539129
0.215212
-0.250153
0.107893
0.00377285
-0.0709042
0.47749
-0.0625842
0.00119139
0.488
-0.0507695
0.351678
0.488
-0.605535
-0.064187
0.454704
0.351678
0.00115215
0.056402
0.0400843
-0.194037
0.605535
-0.0829626
-0.167927
0.0925781
-0.0266544
0.0232238
0.422226
-0.226301
-0.367022
0.196761
-0.152124
-0.0286198
-0.474645
0.179617
-0.111666
-0.0175717
-0.131087
0.178607
0.350004
-0.250659
-0.605535
-0.313196
-0.488
0.276353
0.0415037
-0.205408
0.21237
-0.296866
0.340174
-0.0754047
-0.462982
-0.0921619
0.00135086
-0.379964
-0.1003
-0.226551
0.0806512
-0.351678
-0.105015
-0.469914
0.0697761
0.291171
0.320719
0.430834
0.101856
0.383425
0.00828371
0.10367
0.253655
-0.011905
0.351678
0.361676
-0.242224
0.157299
0.460961
0.605535
0.107361
-0.522825
0.605535
0.476716
-0.488735
0.38691
0.129626
-0.305487
-0.488
-0.313494
-0.611672
-0.486331
-0.122949
-0.351678
-0.605535
-0.101975
-0.255549
0.351678
0.112769
-0.0758719
-0.143445
0.252927
0.488
-0.377333
0.141356
-0.132711
-0.074266
0.229516
-0.216932
-0.129899
-0.0899112
0.314189
-0.488
-0.435854
-0.00816818
-0.0015045
-0.139865
-0.141864
-0.0516895
0.281867
0.353251
-0.200948
0.282401
-0.431556
0.125083
-0.0155734
-0.0637772
-0.223669
0.387396
0.295107
0.432341
-0.217524
0.349622
0.0833894
0.353787
0.167931
-0.157897
0.0890864
0.351678
0.135321
-0.178758
0.273433
0.0415509
-0.488
0.0183643
-0.214473
0.351678
0.391466
0.423344
-0.232977
0.20709
-0.24097
-0.0718034
-0.141569
-0.399023
-0.22767
0.397852
-0.0146291
0.437671
-0.312788
0.347078
-0.0224006
0.414152
0.216272
-0.0649937
-0.175173
0.456909
0.175086
0.485872
0.01082
0.0865247
0.00766684
-0.0308667
0.270007
-0.311995
-0.0653992
0.131004
-0.431556
0.605535
-0.225022
-0.215926
-0.45212
-0.493269
0.107873
-0.351678
0.289565
-0.240831
-0.150472
0.198567
0.239046
-0.0994593
0.00667079
-0.188683
0.351678
-0.605535
0.035845
-0.505101
-0.214875
0.605535
-0.21163
-0.0937511
-0.292952
0.108387
0.122824
-0.161024
-0.605535
0.456776
0.0224521
-0.0950382
-0.0106827
-0.294193
-0.3044
-0.495777
-0.0736413
0.488
0.194655
-0.332713
0.180275
0.0338528
-0.488
-0.282082
0.063854
0.351678
0.163817
-0.336815
-0.605535
0.00775171
0.0222254
0.605535
-0.00643252
0.116532
0.123639
0.282415
-0.351678
0.0623127
-0.605535
-0.252641
-0.605535
-0.0459155
0.533606
0.14932
-0.289404
-0.0887373
-0.628078
0.48658
0.143495
0.301393
0.605535
-0.10819
0.150935
0.100305
-0.130346
0.256828
-0.0643146
0.393213
0.0740085
0.351678
-0.351678
0.113387
-0.229694
0.207039
-0.252618
-0.488
-0.371738
-0.496902
-0.0933566
-0.00816246
-0.351678
-0.351678
0.0328855
-0.132536
0.498529
-0.145208
0.272301
-0.485247
0.110063
-0.168673
-0.076839
-0.315192
-0.484553
-0.412935
0.00361467
-0.095717
-0.0583022
0.124359
0.21758
0.00128569
-0.449879
-0.0453413
-0.0988482
0.327958
0.347785
0.000504692
-0.155382
-0.00126592
-0.141705
-0.159841
0.0938553
0.0518657
-0.193754
0.235889
-0.122333
-0.444913
-0.250988
0.0864572
0.267626
0.117689
-0.288377
-0.177492
0.184463
-0.225143
0.152172
-0.0987547
-0.353574
-0.361051
-0.542517
-0.182928
-0.00171014
-0.0973797
-0.226119
-0.273124
0.419675
-0.429069
-0.245207
-0.032501
0.351678
0.280032
0.244991
0.488
0.605535
0.264412
0.109683
0.325562
-0.489525
0.189789
0.0682864
0.605535
-0.148307
0.0428829
0.122181
-0.488
-0.422843
-0.351678
0.428201
-0.0488663
-0.351678
0.192032
-0.205422
-0.0684011
0.190132
0.155773
-0.214455
-0.346486
-0.349501
-0.0352997
-0.324094
0.127169
-0.0138697
0.605535
-0.106113
-0.0366103
0.351678
0.0253949
0.455506
-0.297253
0.488
-0.125697
-0.309448
0.000609482
-0.525324
-0.288765
0.030189
0.351678
-0.456187
0.000584725
0.229095
-0.149747
0.183797
0.473379
-0.0954241
0.141127
-0.526056
-0.503848
0.123409
-0.141891
-0.168079
0.0010397
0.169897
0.351678
-0.478433
0.137822
-0.267606
0.00130053
0.23671
-0.361168
0.297136
0.331446
0.0358332
0.17612
0.139063
-0.124627
-0.298485
0.0618573
-0.210716
0.295902
0.325575
-0.097048
0.175078
0.351678
-0.360395
0.0806931
0.0656597
0.0840638
0.43246
0.130475
0.473095
0.0596547
0.00343154
-0.302438
-0.453226
0.00126418
0.330858
0.351678
0.477528
-0.351678
-0.0887169
0.104176
0.119852
-0.318699
-0.431556
0.281255
-0.181635
0.48078
0.362433
-0.0435916
0.26571
-0.182899
0.268185
0.273635
0.115666
0.327176
-0.221197
0.0949008
-0.475776
-0.250533
-0.472815
0.325241
0.605535
-0.0731145
-0.277178
0.174713
0.113996
0.273165
-0.179899
-0.25394
0.10056
0.473614
-0.0272813
-0.394173
-0.0242225
-0.440937
-0.508137
-0.424804
-0.473495
0.318827
0.15085
-0.162124
0.0540474
-0.200387
-0.32974
-0.499585
-0.605535
-0.605535
-0.240005
-0.0669627
-0.37641
0.39513
-0.351678
-0.14262
0.351678
0.234987
0.351678
-0.292468
-0.499311
0.22817
0.317079
0.0467432
-0.0475853
0.351678
0.205852
-0.294701
-0.345519
-0.0347871
-0.260773
-0.302383
0.198054
-0.22954
-0.318184
-0.327188
0.089267
0.351678
0.297312
0.337765
0.605535
0.186822
0.0053469
0.00094287
0.605535
-0.0305343
0.351678
-0.319712
0.0007095
-0.27728
-0.105432
0.217983
-0.314292
0.184545
-0.207771
-0.0702368
-0.210966
-0.135881
-0.0583265
0.080395
0.605535
0.471381
-0.0755322
-0.0862205
-0.344436
-0.161202
0.351678
-0.000575361
0.124339
-0.0100669
0.329935
-0.207543
-0.386812
-0.133675
-0.351678
-0.307265
0.488219
0.481262
-0.36806
0.0057036
0.351678
0.181425
0.157006
0.242898
-0.467368
0.0610203
-0.457024
-0.130145
-0.268283
-0.605535
0.605535
-0.44935
0.351678
-0.140998
0.154739
-0.233217
0.0789451
-0.20741
-0.158809
0.478312
0.334968
-0.351678
-0.132841
-0.475564
-0.0849867
0.0146414
0.325282
-0.0952185
-0.0942012
0.165017
-0.300431
-0.0876118
0.481654
-0.00435735
0.351678
-0.0509995
0.0836222
-0.277544
0.229187
0.00607197
0.00136163
0.233621
0.258036
0.138738
0.0901711
0.00383613
-0.338129
-0.222788
-0.355867
0.00922025
-0.0969172
-0.605535
0.605535
0.182034
0.169764
-0.605535
0.0356617
-0.488
0.0890688
0.340345
-0.0997829
-0.184917
-0.140498
0.0284682
-0.448239
-0.173574
-0.220108
0.166835
0.466418
-0.0494847
-0.1967
-0.431556
0.328236
0.0328287
-0.605535
-0.223871
0.299085
-0.0816237
-0.284632
-0.336701
-0.00108041
0.0607967
-0.258917
0.351678
-0.471456
0.16808
0.605535
-0.000679892
0.0221513
-0.0674223
-0.157143
0.351678
-0.26577
0.292283
-0.0543143
-0.161676
0.248029
-0.38768
-0.486378
0.488
0.183426
0.0957053
0.198023
-0.14901
0.060755
0.144265
-0.183707
0.247619
-0.0773533
-0.121573
0.0503027
-0.132274
0.500042
0.427845
0.234726
-0.0371407
0.274298
-0.0752774
-0.605535
-0.0393603
-0.337394
0.605535
-0.253734
-0.109972
0.483206
0.135908
0.137718
-0.126923
0.605535
-0.27095
-0.12206
-0.141042
-0.16798
0.263511
0.251578
0.351678
-0.632971
0.167552
0.0616997
0.151178
0.360475
0.0373857
0.21981
0.351678
-0.064872
-0.0122851
-0.286536
0.0624277
0.191283
0.251869
-0.351678
-0.0283586
-0.321473
-0.0256755
0.191205
-0.067427
0.50042
-0.351678
-0.0826124
-0.0143016
-0.0749605
-0.23922
-0.605535
0.251622
-0.207458
0.223882
-0.0117937
-0.488
0.431556
0.26826
-0.467263
-0.191621
0.351678
0.122232
-0.0033124
0.113005
-0.141988
-0.0822091
0.351678
0.155813
0.0164986
-0.290773
-0.347797
-0.121557
0.0255296
-0.351678
0.351678
0.605535
-0.00338592
-0.25192
0.351678
0.605535
0.261931
0.492512
-0.319774
-0.263743
0.0982354
0.217344
0.204912
-0.296145
0.345311
-0.0829709
-0.074832
-0.224964
0.456514
-0.115871
-0.146041
0.0488743
-0.0530376
-0.0804219
-0.16255
-0.0468519
0.44009
0.122575
-0.351678
0.044687
-0.065612
0.220751
0.459567
0.188661
-0.194718
0.273811
-0.351678
-0.0747147
0.19061
-0.403769
0.38007
-0.240982
-0.200956
0.605535
-0.477091
0.0148088
-0.156436
0.266782
-0.351678
-0.605535
-0.196657
-0.0432712
0.406258
-0.457905
0.351678
-0.175296
0.282899
-0.326753
0.0593987
-0.605535
0.110642
0.174755
0.496225
-0.19591
-0.032578
0.0477366
0.221362
0.435849
0.0359511
-0.0631906
0.639033
-0.605535
-0.0549024
-0.605535
0.174436
0.476563
0.119767
-0.252698
-0.204156
0.348996
-0.291114
0.351678
0.0571984
0.0756306
-0.23736
-0.174729
0.351678
-0.0658023
-0.00502938
-0.255683
0.345264
-0.35029
-0.00576806
0.351678
0.174228
0.00680959
-0.165899
0.351678
0.00231437
0.00215277
0.244151
-0.00127244
-0.449624
-0.0265388
0.466831
0.161263
-0.605535
0.13583
0.211177
0.221415
-0.0296349
-0.151206
0.605535
-0.488
-0.431556
0.0538554
-0.113169
-0.271146
0.305958
-0.605535
-0.385422
0.473735
0.26972
-0.175952
-0.00711909
-0.212465
-0.220277
-0.351678
-0.0437918
0.189176
0.377053
-0.0238042
0.175189
0.168478
-0.183485
0.605535
0.00522323
0.195069
0.42266
-0.0790652
0.131917
-0.431556
-0.485294
0.0368526
0.184642
0.483236
-0.180444
-0.0167728
0.605535
-0.0764733
0.164206
0.186067
0.0852981
0.351678
0.473169
0.445326
-0.612667
0.605535
-0.150427
0.198978
-0.605535
0.0739206
0.122912
0.486444
0.185959
0.0803354
-0.150519
-0.00872263
0.0358073
-0.472115
0.255612
-0.297058
0.39064
0.441351
-0.605535
0.0607351
-0.350361
0.00101979
0.316068
0.185067
-0.431556
-0.488752
-0.351678
-0.181495
0.297738
0.195895
0.351678
-0.166502
0.323181
0.605535
-0.172815
0.351678
0.0250941
0.173598
0.0742785
0.435363
0.159346
-0.089494
0.33286
-0.308857
-0.152095
0.0925571
0.0501096
0.356365
0.605535
-0.389638
-0.0387675
-0.0289584
0.0283504
0.228115
-0.0323195
-0.309046
0.300476
-0.363638
0.291654
0.323647
-0.488
0.169708
-0.431556
0.0312028
-0.488
0.0207914
-0.475736
-0.0345443
-0.404019
0.605535
0.323699
-0.130133
-0.0481589
-0.201399
-0.237917
-0.295549
0.486293
-0.65026
-0.605535
-0.218857
-0.0933296
-0.605535
-0.185808
-0.431556
-0.256922
0.125084
0.544259
0.488
-0.293832
0.396627
-0.129159
-0.0685147
-0.320785
-0.351678
0.22306
-0.488
-0.0135821
-0.428898
0.264593
0.0292909
0.114693
0.0506285
0.322989
0.605535
0.190622
0.605535
-0.264319
-0.0562688
-0.128786
-0.207458
0.135585
0.31278
-0.227805
-0.488
-0.133184
0.150648
0.207425
0.278456
0.257408
0.16652
0.485665
0.187198
0.449127
0.605535
-0.162853
0.389816
0.2661
-0.168102
-0.224001
0.0256541
0.100826
-0.219555
0.134615
-0.519916
0.0043191
-0.445422
-0.605535
0.148207
-0.211309
-0.181866
-0.481349
0.351678
-0.351678
0.605535
-0.290446
-0.126596
0.148004
0.077186
0.353757
0.605535
-0.143479
0.115281
0.454671
0.301024
0.476955
-0.361289
0.0525525
-0.168341
0.162693
-0.0114526
-0.328231
0.112963
0.33199
-0.199018
0.173838
-0.0210674
-0.0687596
-0.136724
-0.284295
0.351678
0.351678
0.128704
-0.351678
-0.134659
-0.275323
